          10
   100.00000000000000       0.72165086664801947     
   350.00000000000000       0.10835234483778322     
   500.00000000000000        7.1679493151293627E-002
   750.00000000000000        4.3045913183220819E-002
   1000.0000000000000        2.8734431188127019E-002
   1250.0000000000000        2.0101517882551434E-002
   1500.0000000000000        1.4365199373514770E-002
   1750.0000000000000        1.0262590056754561E-002
   2000.0000000000000        7.2054009084467907E-003
   2250.0000000000000        4.7980358570498538E-003
