   0.0000000000000000        500.00000000000000     
   6.6666666666666664E-004   499.75000278121809     
   1.3333333333333333E-003   499.50057594200848     
   2.0000000000000000E-003   499.25000834365414     
   2.6666666666666666E-003   499.00115188401696     
   3.3333333333333331E-003   498.75001390609026     
   4.0000000000000001E-003   498.50172782602539     
   4.6666666666666662E-003   498.25001946852643     
   5.3333333333333332E-003   498.00230376803387     
   6.0000000000000001E-003   497.75002503096266     
   6.6666666666666662E-003   497.50287971004235     
   7.3333333333333332E-003   497.25003059339878     
   8.0000000000000002E-003   497.00345565205083     
   8.6666666666666663E-003   496.75003615583483     
   9.3333333333333324E-003   496.50403159405931     
   1.0000000000000000E-002   496.25004171827095     
   1.0666666666666666E-002   496.00460753606785     
   1.1333333333333332E-002   495.75004728070712     
   1.2000000000000000E-002   495.50518347807628     
   1.2666666666666666E-002   495.25005284314324     
   1.3333333333333332E-002   495.00575942008476     
   1.4000000000000000E-002   494.75005840557941     
   1.4666666666666666E-002   494.50633536209324     
   1.5333333333333332E-002   494.25006396801564     
   1.6000000000000000E-002   494.00691130410161     
   1.6666666666666666E-002   493.75006953045181     
   1.7333333333333333E-002   493.50748724611009     
   1.7999999999999999E-002   493.25007509288798     
   1.8666666666666665E-002   493.00806318811857     
   1.9333333333333334E-002   492.75008065532410     
   2.0000000000000000E-002   492.50863913012699     
   2.0666666666666667E-002   492.25008621776027     
   2.1333333333333333E-002   492.00921507213548     
   2.1999999999999999E-002   491.75009178019644     
   2.2666666666666665E-002   491.50979101414390     
   2.3333333333333331E-002   491.25009734263261     
   2.4000000000000000E-002   491.01036695615244     
   2.4666666666666667E-002   490.75010290506873     
   2.5333333333333333E-002   490.51094289816098     
   2.5999999999999999E-002   490.25010846750484     
   2.6666666666666665E-002   490.01151884016957     
   2.7333333333333331E-002   489.75011402994090     
   2.8000000000000001E-002   489.51209478217811     
   2.8666666666666667E-002   489.25011959237702     
   2.9333333333333333E-002   489.01267072418665     
   2.9999999999999999E-002   488.75012515481319     
   3.0666666666666665E-002   488.51324666619513     
   3.1333333333333331E-002   488.25013071724936     
   3.2000000000000001E-002   488.01382260820372     
   3.2666666666666663E-002   487.75013627968559     
   3.3333333333333333E-002   487.51439855021232     
   3.3999999999999996E-002   487.25014184212188     
   3.4666666666666665E-002   487.01497449222086     
   3.5333333333333335E-002   486.75014740455811     
   3.5999999999999997E-002   486.51555043422945     
   3.6666666666666667E-002   486.25015296699439     
   3.7333333333333329E-002   486.01612637623799     
   3.7999999999999999E-002   485.75015852943062     
   3.8666666666666669E-002   485.51670231824659     
   3.9333333333333331E-002   485.25016409186691     
   4.0000000000000001E-002   485.01727826025513     
   4.0666666666666663E-002   484.75016965430314     
   4.1333333333333333E-002   484.51785420226378     
   4.1999999999999996E-002   484.25017521673936     
   4.2666666666666665E-002   484.01843014427237     
   4.3333333333333335E-002   483.75018077917559     
   4.3999999999999997E-002   483.51900608628097     
   4.4666666666666667E-002   483.25018634161171     
   4.5333333333333330E-002   483.01958202828956     
   4.5999999999999999E-002   482.75019190404782     
   4.6666666666666662E-002   482.52015797029816     
   4.7333333333333331E-002   482.25019746648394     
   4.8000000000000001E-002   482.02073391230675     
   4.8666666666666664E-002   481.75020302892011     
   4.9333333333333333E-002   481.52130985431529     
   4.9999999999999996E-002   481.25020859135623     
   5.0666666666666665E-002   481.02188579632372     
   5.1333333333333335E-002   480.75021415379240     
   5.1999999999999998E-002   480.52246173833220     
   5.2666666666666667E-002   480.25021971622857     
   5.3333333333333330E-002   480.02303768034074     
   5.3999999999999999E-002   479.75022527866486     
   5.4666666666666662E-002   479.52361362234916     
   5.5333333333333332E-002   479.25023084110109     
   5.6000000000000001E-002   479.02418956435758     
   5.6666666666666664E-002   478.75023640353737     
   5.7333333333333333E-002   478.52476550636601     
   5.7999999999999996E-002   478.25024196597354     
   5.8666666666666666E-002   478.02534144837432     
   5.9333333333333328E-002   477.75024752840972     
   5.9999999999999998E-002   477.52591739038274     
   6.0666666666666667E-002   477.25025309084589     
   6.1333333333333330E-002   477.02649333239123     
   6.2000000000000000E-002   476.75025865328217     
   6.2666666666666662E-002   476.52706927439965     
   6.3333333333333325E-002   476.25026421571829     
   6.4000000000000001E-002   476.02764521640796     
   6.4666666666666664E-002   475.75026977815457     
   6.5333333333333327E-002   475.52822115841633     
   6.6000000000000003E-002   475.25027534059086     
   6.6666666666666666E-002   475.02879710042470     
   6.7333333333333328E-002   474.75028090302715     
   6.7999999999999991E-002   474.52937304243306     
   6.8666666666666668E-002   474.25028646546332     
   6.9333333333333330E-002   474.02994898444149     
   6.9999999999999993E-002   473.75029202789949     
   7.0666666666666669E-002   473.53052492644997     
   7.1333333333333332E-002   473.25029759033572     
   7.1999999999999995E-002   473.03110086845840     
   7.2666666666666671E-002   472.75030315277178     
   7.3333333333333334E-002   472.53167681046688     
   7.3999999999999996E-002   472.25030871520789     
   7.4666666666666659E-002   472.03225275247536     
   7.5333333333333335E-002   471.75031427764407     
   7.5999999999999998E-002   471.53282869448384     
   7.6666666666666661E-002   471.25031984008024     
   7.7333333333333337E-002   471.03340463649226     
   7.8000000000000000E-002   470.75032540251635     
   7.8666666666666663E-002   470.53398057850063     
   7.9333333333333325E-002   470.25033096495252     
   8.0000000000000002E-002   470.03455652050911     
   8.0666666666666664E-002   469.75033652738870     
   8.1333333333333327E-002   469.53513246251754     
   8.2000000000000003E-002   469.25034208982481     
   8.2666666666666666E-002   469.03570840452591     
   8.3333333333333329E-002   468.75034765226098     
   8.3999999999999991E-002   468.53628434653444     
   8.4666666666666668E-002   468.25035321469716     
   8.5333333333333330E-002   468.03686028854287     
   8.5999999999999993E-002   467.75035877713327     
   8.6666666666666670E-002   467.53743623055129     
   8.7333333333333332E-002   467.25036433956939     
   8.7999999999999995E-002   467.03801217255972     
   8.8666666666666658E-002   466.75036990200550     
   8.9333333333333334E-002   466.53858811456820     
   8.9999999999999997E-002   466.25037546444162     
   9.0666666666666659E-002   466.03916405657674     
   9.1333333333333336E-002   465.75038102687773     
   9.1999999999999998E-002   465.53973999858522     
   9.2666666666666661E-002   465.25038658931385     
   9.3333333333333324E-002   465.04031594059376     
   9.4000000000000000E-002   464.75039215174985     
   9.4666666666666663E-002   464.54089188260230     
   9.5333333333333325E-002   464.25039771418591     
   9.6000000000000002E-002   464.04146782461089     
   9.6666666666666665E-002   463.75040327662197     
   9.7333333333333327E-002   463.54204376661949     
   9.7999999999999990E-002   463.25040883905808     
   9.8666666666666666E-002   463.04261970862802     
   9.9333333333333329E-002   462.75041440149414     
   9.9999999999999992E-002   462.54319565063656     
  0.10066666666666667        462.25041996393026     
  0.10133333333333333        462.04377159264521     
  0.10199999999999999        461.75042552636631     
  0.10266666666666667        461.54434753465381     
  0.10333333333333333        461.25043108880237     
  0.10400000000000000        461.04492347666246     
  0.10466666666666666        460.75043665123837     
  0.10533333333333333        460.54549941867111     
  0.10600000000000000        460.25044221367438     
  0.10666666666666666        460.04607536067977     
  0.10733333333333334        459.75044777611032     
  0.10800000000000000        459.54665130268830     
  0.10866666666666666        459.25045333854627     
  0.10933333333333332        459.04722724469684     
  0.11000000000000000        458.75045890098221     
  0.11066666666666666        458.54780318670544     
  0.11133333333333333        458.25046446341815     
  0.11200000000000000        458.04837912871403     
  0.11266666666666666        457.75047002585410     
  0.11333333333333333        457.54895507072263     
  0.11399999999999999        457.25047558828993     
  0.11466666666666667        457.04953101273122     
  0.11533333333333333        456.75048115072582     
  0.11599999999999999        456.55010695473982     
  0.11666666666666667        456.25048671316171     
  0.11733333333333333        456.05068289674841     
  0.11799999999999999        455.75049227559759     
  0.11866666666666666        455.55125883875706     
  0.11933333333333333        455.25049783803354     
  0.12000000000000000        455.05183478076572     
  0.12066666666666666        454.75050340046954     
  0.12133333333333333        454.55241072277431     
  0.12200000000000000        454.25050896290554     
  0.12266666666666666        454.05298666478291     
  0.12333333333333332        453.75051452534160     
  0.12400000000000000        453.55356260679156     
  0.12466666666666666        453.25052008777760     
  0.12533333333333332        453.05413854880015     
  0.12600000000000000        452.75052565021355     
  0.12666666666666665        452.55471449080881     
  0.12733333333333333        452.25053121264949     
  0.12800000000000000        452.05529043281740     
  0.12866666666666665        451.75053677508549     
  0.12933333333333333        451.55586637482594     
  0.13000000000000000        451.25054233752149     
  0.13066666666666665        451.05644231683453     
  0.13133333333333333        450.75054789995744     
  0.13200000000000001        450.55701825884302     
  0.13266666666666665        450.25055346239338     
  0.13333333333333333        450.05759420085155     
  0.13400000000000001        449.75055902482933     
  0.13466666666666666        449.55817014286009     
  0.13533333333333333        449.25056458726527     
  0.13599999999999998        449.05874608486863     
  0.13666666666666666        448.75057014970122     
  0.13733333333333334        448.55932202687723     
  0.13799999999999998        448.25057571213722     
  0.13866666666666666        448.05989796888582     
  0.13933333333333334        447.75058127457316     
  0.13999999999999999        447.56047391089447     
  0.14066666666666666        447.25058683700905     
  0.14133333333333334        447.06104985290312     
  0.14199999999999999        446.75059239944494     
  0.14266666666666666        446.56162579491178     
  0.14333333333333334        446.25059796188083     
  0.14399999999999999        446.06220173692031     
  0.14466666666666667        445.75060352431672     
  0.14533333333333334        445.56277767892885     
  0.14599999999999999        445.25060908675266     
  0.14666666666666667        445.06335362093745     
  0.14733333333333332        444.75061464918861     
  0.14799999999999999        444.56392956294604     
  0.14866666666666667        444.25062021162449     
  0.14933333333333332        444.06450550495464     
  0.14999999999999999        443.75062577406038     
  0.15066666666666667        443.56508144696318     
  0.15133333333333332        443.25063133649633     
  0.15200000000000000        443.06565738897172     
  0.15266666666666667        442.75063689893227     
  0.15333333333333332        442.56623333098031     
  0.15400000000000000        442.25064246136827     
  0.15466666666666667        442.06680927298891     
  0.15533333333333332        441.75064802380427     
  0.15600000000000000        441.56738521499750     
  0.15666666666666665        441.25065358624028     
  0.15733333333333333        441.06796115700598     
  0.15800000000000000        440.75065914867628     
  0.15866666666666665        440.56853709901452     
  0.15933333333333333        440.25066471111222     
  0.16000000000000000        440.06911304102312     
  0.16066666666666665        439.75067027354817     
  0.16133333333333333        439.56968898303171     
  0.16200000000000001        439.25067583598411     
  0.16266666666666665        439.07026492504036     
  0.16333333333333333        438.75068139842000     
  0.16400000000000001        438.57084086704907     
  0.16466666666666666        438.25068696085589     
  0.16533333333333333        438.07141680905772     
  0.16599999999999998        437.75069252329183     
  0.16666666666666666        437.57199275106643     
  0.16733333333333333        437.25069808572772     
  0.16799999999999998        437.07256869307520     
  0.16866666666666666        436.75070364816361     
  0.16933333333333334        436.57314463508385     
  0.16999999999999998        436.25070921059944     
  0.17066666666666666        436.07372057709256     
  0.17133333333333334        435.75071477303533     
  0.17199999999999999        435.57429651910121     
  0.17266666666666666        435.25072033547121     
  0.17333333333333334        435.07487246110986     
  0.17399999999999999        434.75072589790710     
  0.17466666666666666        434.57544840311851     
  0.17533333333333334        434.25073146034305     
  0.17599999999999999        434.07602434512717     
  0.17666666666666667        433.75073702277894     
  0.17733333333333332        433.57660028713576     
  0.17799999999999999        433.25074258521477     
  0.17866666666666667        433.07717622914441     
  0.17933333333333332        432.75074814765054     
  0.17999999999999999        432.57775217115307     
  0.18066666666666667        432.25075371008637     
  0.18133333333333332        432.07832811316172     
  0.18200000000000000        431.75075927252220     
  0.18266666666666667        431.57890405517026     
  0.18333333333333332        431.25076483495803     
  0.18400000000000000        431.07947999717879     
  0.18466666666666667        430.75077039739398     
  0.18533333333333332        430.58005593918733     
  0.18600000000000000        430.25077595982987     
  0.18666666666666665        430.08063188119576     
  0.18733333333333332        429.75078152226581     
  0.18800000000000000        429.58120782320424     
  0.18866666666666665        429.25078708470176     
  0.18933333333333333        429.08178376521272     
  0.19000000000000000        428.75079264713776     
  0.19066666666666665        428.58235970722120     
  0.19133333333333333        428.25079820957376     
  0.19200000000000000        428.08293564922963     
  0.19266666666666665        427.75080377200965     
  0.19333333333333333        427.58351159123799     
  0.19400000000000001        427.25080933444553     
  0.19466666666666665        427.08408753324630     
  0.19533333333333333        426.75081489688142     
  0.19599999999999998        426.58466347525462     
  0.19666666666666666        426.25082045931725     
  0.19733333333333333        426.08523941726287     
  0.19799999999999998        425.75082602175308     
  0.19866666666666666        425.58581535927112     
  0.19933333333333333        425.25083158418886     
  0.19999999999999998        425.08639130127943     
  0.20066666666666666        424.75083714662469     
  0.20133333333333334        424.58696724328775     
  0.20199999999999999        424.25084270906052     
  0.20266666666666666        424.08754318529606     
  0.20333333333333334        423.75084827149635     
  0.20399999999999999        423.58811912730431     
  0.20466666666666666        423.25085383393218     
  0.20533333333333334        423.08869506931262     
  0.20599999999999999        422.75085939636801     
  0.20666666666666667        422.58927101132088     
  0.20733333333333331        422.25086495880385     
  0.20799999999999999        422.08984695332907     
  0.20866666666666667        421.75087052123968     
  0.20933333333333332        421.59042289533733     
  0.20999999999999999        421.25087608367551     
  0.21066666666666667        421.09099883734552     
  0.21133333333333332        420.75088164611140     
  0.21199999999999999        420.59157477935372     
  0.21266666666666667        420.25088720854723     
  0.21333333333333332        420.09215072136192     
  0.21400000000000000        419.75089277098311     
  0.21466666666666667        419.59272666337006     
  0.21533333333333332        419.25089833341900     
  0.21600000000000000        419.09330260537826     
  0.21666666666666665        418.75090389585495     
  0.21733333333333332        418.59387854738645     
  0.21800000000000000        418.25090945829083     
  0.21866666666666665        418.09445448939471     
  0.21933333333333332        417.75091502072672     
  0.22000000000000000        417.59503043140302     
  0.22066666666666665        417.25092058316255     
  0.22133333333333333        417.09560637341133     
  0.22200000000000000        416.75092614559844     
  0.22266666666666665        416.59618231541970     
  0.22333333333333333        416.25093170803427     
  0.22400000000000000        416.09675825742806     
  0.22466666666666665        415.75093727047010     
  0.22533333333333333        415.59733419943638     
  0.22599999999999998        415.25094283290588     
  0.22666666666666666        415.09791014144474     
  0.22733333333333333        414.75094839534177     
  0.22799999999999998        414.59848608345305     
  0.22866666666666666        414.25095395777765     
  0.22933333333333333        414.09906202546136     
  0.22999999999999998        413.75095952021354     
  0.23066666666666666        413.59963796746973     
  0.23133333333333334        413.25096508264943     
  0.23199999999999998        413.10021390947810     
  0.23266666666666666        412.75097064508532     
  0.23333333333333334        412.60078985148652     
  0.23399999999999999        412.25097620752121     
  0.23466666666666666        412.10136579349495     
  0.23533333333333334        411.75098176995709     
  0.23599999999999999        411.60194173550343     
  0.23666666666666666        411.25098733239292     
  0.23733333333333331        411.10251767751186     
  0.23799999999999999        410.75099289482876     
  0.23866666666666667        410.60309361952028     
  0.23933333333333331        410.25099845726453     
  0.23999999999999999        410.10366956152876     
  0.24066666666666667        409.75100401970030     
  0.24133333333333332        409.60424550353730     
  0.24199999999999999        409.25100958213608     
  0.24266666666666667        409.10482144554578     
  0.24333333333333332        408.75101514457185     
  0.24399999999999999        408.60539738755426     
  0.24466666666666667        408.25102070700763     
  0.24533333333333332        408.10597332956274     
  0.24600000000000000        407.75102626944340     
  0.24666666666666665        407.60654927157123     
  0.24733333333333332        407.25103183187923     
  0.24800000000000000        407.10712521357971     
  0.24866666666666665        406.75103739431512     
  0.24933333333333332        406.60770115558819     
  0.25000000000000000        406.25104295675106     
  0.25066666666666665        406.10827709759667     
  0.25133333333333330        405.75104851918701     
  0.25200000000000000        405.60885303960515     
  0.25266666666666665        405.25105408162290     
  0.25333333333333330        405.10942898161352     
  0.25400000000000000        404.75105964405884     
  0.25466666666666665        404.61000492362194     
  0.25533333333333330        404.25106520649479     
  0.25600000000000001        404.11058086563037     
  0.25666666666666665        403.75107076893079     
  0.25733333333333330        403.61115680763885     
  0.25800000000000001        403.25107633136673     
  0.25866666666666666        403.11173274964739     
  0.25933333333333330        402.75108189380268     
  0.26000000000000001        402.61230869165587     
  0.26066666666666666        402.25108745623868     
  0.26133333333333331        402.11288463366435     
  0.26200000000000001        401.75109301867474     
  0.26266666666666666        401.61346057567278     
  0.26333333333333331        401.25109858111080     
  0.26400000000000001        401.11403651768120     
  0.26466666666666666        400.75110414354691     
  0.26533333333333331        400.61461245968962     
  0.26600000000000001        400.25110970598303     
  0.26666666666666666        400.11518840169811     
  0.26733333333333331        399.75111526841908     
  0.26800000000000002        399.61576434370670     
  0.26866666666666666        399.25112083085520     
  0.26933333333333331        399.11634028571524     
  0.27000000000000002        398.75112639329132     
  0.27066666666666667        398.61691622772378     
  0.27133333333333332        398.25113195572743     
  0.27199999999999996        398.11749216973232     
  0.27266666666666667        397.75113751816355     
  0.27333333333333332        397.61806811174085     
  0.27399999999999997        397.25114308059960     
  0.27466666666666667        397.11864405374939     
  0.27533333333333332        396.75114864303578     
  0.27599999999999997        396.61921999575787     
  0.27666666666666667        396.25115420547189     
  0.27733333333333332        396.11979593776636     
  0.27799999999999997        395.75115976790801     
  0.27866666666666667        395.62037187977489     
  0.27933333333333332        395.25116533034412     
  0.27999999999999997        395.12094782178349     
  0.28066666666666668        394.75117089278024     
  0.28133333333333332        394.62152376379208     
  0.28199999999999997        394.25117645521630     
  0.28266666666666668        394.12209970580074     
  0.28333333333333333        393.75118201765241     
  0.28399999999999997        393.62267564780933     
  0.28466666666666668        393.25118758008858     
  0.28533333333333333        393.12325158981793     
  0.28599999999999998        392.75119314252470     
  0.28666666666666668        392.62382753182652     
  0.28733333333333333        392.25119870496076     
  0.28799999999999998        392.12440347383512     
  0.28866666666666668        391.75120426739682     
  0.28933333333333333        391.62497941584371     
  0.28999999999999998        391.25120982983282     
  0.29066666666666668        391.12555535785236     
  0.29133333333333333        390.75121539226888     
  0.29199999999999998        390.62613129986096     
  0.29266666666666663        390.25122095470482     
  0.29333333333333333        390.12670724186961     
  0.29399999999999998        389.75122651714076     
  0.29466666666666663        389.62728318387821     
  0.29533333333333334        389.25123207957671     
  0.29599999999999999        389.12785912588691     
  0.29666666666666663        388.75123764201265     
  0.29733333333333334        388.62843506789557     
  0.29799999999999999        388.25124320444860     
  0.29866666666666664        388.12901100990422     
  0.29933333333333334        387.75124876688460     
  0.29999999999999999        387.62958695191281     
  0.30066666666666664        387.25125432932060     
  0.30133333333333334        387.13016289392147     
  0.30199999999999999        386.75125989175660     
  0.30266666666666664        386.63073883593017     
  0.30333333333333334        386.25126545419266     
  0.30399999999999999        386.13131477793888     
  0.30466666666666664        385.75127101662866     
  0.30533333333333335        385.63189071994765     
  0.30599999999999999        385.25127657906467     
  0.30666666666666664        385.13246666195647     
  0.30733333333333335        384.75128214150067     
  0.30800000000000000        384.63304260396518     
  0.30866666666666664        384.25128770393667     
  0.30933333333333335        384.13361854597395     
  0.31000000000000000        383.75129326637273     
  0.31066666666666665        383.63419448798277     
  0.31133333333333330        383.25129882880867     
  0.31200000000000000        383.13477042999159     
  0.31266666666666665        382.75130439124467     
  0.31333333333333330        382.63534637200041     
  0.31400000000000000        382.25130995368062     
  0.31466666666666665        382.13592231400924     
  0.31533333333333330        381.75131551611656     
  0.31600000000000000        381.63649825601806     
  0.31666666666666665        381.25132107855251     
  0.31733333333333330        381.13707419802694     
  0.31800000000000000        380.75132664098851     
  0.31866666666666665        380.63765014003582     
  0.31933333333333330        380.25133220342451     
  0.32000000000000001        380.13822608204464     
  0.32066666666666666        379.75133776586051     
  0.32133333333333330        379.63880202405346     
  0.32200000000000001        379.25134332829657     
  0.32266666666666666        379.13937796606228     
  0.32333333333333331        378.75134889073263     
  0.32400000000000001        378.63995390807111     
  0.32466666666666666        378.25135445316874     
  0.32533333333333331        378.14052985007999     
  0.32600000000000001        377.75136001560492     
  0.32666666666666666        377.64110579208881     
  0.32733333333333331        377.25136557804103     
  0.32800000000000001        377.14168173409769     
  0.32866666666666666        376.75137114047715     
  0.32933333333333331        376.64225767610651     
  0.33000000000000002        376.25137670291332     
  0.33066666666666666        376.14283361811533     
  0.33133333333333331        375.75138226534949     
  0.33199999999999996        375.64340956012404     
  0.33266666666666667        375.25138782778566     
  0.33333333333333331        375.14398550213286     
  0.33399999999999996        374.75139339022178     
  0.33466666666666667        374.64456144414169     
  0.33533333333333332        374.25139895265789     
  0.33599999999999997        374.14513738615051     
  0.33666666666666667        373.75140451509407     
  0.33733333333333332        373.64571332815933     
  0.33799999999999997        373.25141007753024     
  0.33866666666666667        373.14628927016815     
  0.33933333333333332        372.75141563996635     
  0.33999999999999997        372.64686521217698     
  0.34066666666666667        372.25142120240247     
  0.34133333333333332        372.14744115418591     
  0.34199999999999997        371.75142676483864     
  0.34266666666666667        371.64801709619485     
  0.34333333333333332        371.25143232727470     
  0.34399999999999997        371.14859303820378     
  0.34466666666666668        370.75143788971076     
  0.34533333333333333        370.64916898021278     
  0.34599999999999997        370.25144345214682     
  0.34666666666666668        370.14974492222177     
  0.34733333333333333        369.75144901458293     
  0.34799999999999998        369.65032086423076     
  0.34866666666666668        369.25145457701905     
  0.34933333333333333        369.15089680623976     
  0.34999999999999998        368.75146013945516     
  0.35066666666666668        368.65147274824875     
  0.35133333333333333        368.25146570189122     
  0.35199999999999998        368.15204869025780     
  0.35266666666666663        367.75147126432728     
  0.35333333333333333        367.65262463226685     
  0.35399999999999998        367.25147682676328     
  0.35466666666666663        367.15320057427596     
  0.35533333333333333        366.75148238919928     
  0.35599999999999998        366.65377651628501     
  0.35666666666666663        366.25148795163528     
  0.35733333333333334        366.15435245829400     
  0.35799999999999998        365.75149351407129     
  0.35866666666666663        365.65492840030305     
  0.35933333333333334        365.25149907650729     
  0.35999999999999999        365.15550434231210     
  0.36066666666666664        364.75150463894335     
  0.36133333333333334        364.65608028432109     
  0.36199999999999999        364.25151020137946     
  0.36266666666666664        364.15665622633009     
  0.36333333333333334        363.75151576381563     
  0.36399999999999999        363.65723216833914     
  0.36466666666666664        363.25152132625180     
  0.36533333333333334        363.15780811034824     
  0.36599999999999999        362.75152688868792     
  0.36666666666666664        362.65838405235735     
  0.36733333333333335        362.25153245112404     
  0.36799999999999999        362.15895999436634     
  0.36866666666666664        361.75153801356021     
  0.36933333333333335        361.65953593637533     
  0.37000000000000000        361.25154357599638     
  0.37066666666666664        361.16011187838433     
  0.37133333333333335        360.75154913843261     
  0.37200000000000000        360.66068782039338     
  0.37266666666666665        360.25155470086884     
  0.37333333333333329        360.16126376240243     
  0.37400000000000000        359.75156026330512     
  0.37466666666666665        359.66183970441153     
  0.37533333333333330        359.25156582574141     
  0.37600000000000000        359.16241564642064     
  0.37666666666666665        358.75157138817764     
  0.37733333333333330        358.66299158842975     
  0.37800000000000000        358.25157695061392     
  0.37866666666666665        358.16356753043891     
  0.37933333333333330        357.75158251305015     
  0.38000000000000000        357.66414347244796     
  0.38066666666666665        357.25158807548638     
  0.38133333333333330        357.16471941445701     
  0.38200000000000001        356.75159363792267     
  0.38266666666666665        356.66529535646606     
  0.38333333333333330        356.25159920035895     
  0.38400000000000001        356.16587129847511     
  0.38466666666666666        355.75160476279518     
  0.38533333333333331        355.66644724048422     
  0.38600000000000001        355.25161032523141     
  0.38666666666666666        355.16702318249327     
  0.38733333333333331        354.75161588766770     
  0.38800000000000001        354.66759912450232     
  0.38866666666666666        354.25162145010387     
  0.38933333333333331        354.16817506651142     
  0.39000000000000001        353.75162701254004     
  0.39066666666666666        353.66875100852059     
  0.39133333333333331        353.25163257497621     
  0.39199999999999996        353.16932695052964     
  0.39266666666666666        352.75163813741239     
  0.39333333333333331        352.66990289253869     
  0.39399999999999996        352.25164369984861     
  0.39466666666666667        352.17047883454774     
  0.39533333333333331        351.75164926228490     
  0.39599999999999996        351.67105477655679     
  0.39666666666666667        351.25165482472113     
  0.39733333333333332        351.17163071856584     
  0.39799999999999996        350.75166038715736     
  0.39866666666666667        350.67220666057489     
  0.39933333333333332        350.25166594959359     
  0.39999999999999997        350.17278260258394     
  0.40066666666666667        349.75167151202982     
  0.40133333333333332        349.67335854459304     
  0.40199999999999997        349.25167707446604     
  0.40266666666666667        349.17393448660215     
  0.40333333333333332        348.75168263690222     
  0.40399999999999997        348.67451042861120     
  0.40466666666666667        348.25168819933839     
  0.40533333333333332        348.17508637062036     
  0.40599999999999997        347.75169376177456     
  0.40666666666666668        347.67566231262953     
  0.40733333333333333        347.25169932421073     
  0.40799999999999997        347.17623825463863     
  0.40866666666666668        346.75170488664691     
  0.40933333333333333        346.67681419664780     
  0.40999999999999998        346.25171044908313     
  0.41066666666666668        346.17739013865696     
  0.41133333333333333        345.75171601151925     
  0.41199999999999998        345.67796608066612     
  0.41266666666666663        345.25172157395536     
  0.41333333333333333        345.17854202267529     
  0.41399999999999998        344.75172713639148     
  0.41466666666666663        344.67911796468451     
  0.41533333333333333        344.25173269882760     
  0.41599999999999998        344.17969390669373     
  0.41666666666666663        343.75173826126371     
  0.41733333333333333        343.68026984870289     
  0.41799999999999998        343.25174382369977     
  0.41866666666666663        343.18084579071211     
  0.41933333333333334        342.75174938613583     
  0.41999999999999998        342.68142173272128     
  0.42066666666666663        342.25175494857189     
  0.42133333333333334        342.18199767473050     
  0.42199999999999999        341.75176051100794     
  0.42266666666666663        341.68257361673972     
  0.42333333333333334        341.25176607344400     
  0.42399999999999999        341.18314955874882     
  0.42466666666666664        340.75177163588006     
  0.42533333333333334        340.68372550075799     
  0.42599999999999999        340.25177719831618     
  0.42666666666666664        340.18430144276721     
  0.42733333333333334        339.75178276075229     
  0.42799999999999999        339.68487738477631     
  0.42866666666666664        339.25178832318835     
  0.42933333333333334        339.18545332678542     
  0.42999999999999999        338.75179388562441     
  0.43066666666666664        338.68602926879458     
  0.43133333333333335        338.25179944806052     
  0.43200000000000000        338.18660521080363     
  0.43266666666666664        337.75180501049670     
  0.43333333333333329        337.68718115281274     
  0.43400000000000000        337.25181057293281     
  0.43466666666666665        337.18775709482190     
  0.43533333333333329        336.75181613536887     
  0.43600000000000000        336.68833303683101     
  0.43666666666666665        336.25182169780493     
  0.43733333333333330        336.18890897884017     
  0.43800000000000000        335.75182726024104     
  0.43866666666666665        335.68948492084934     
  0.43933333333333330        335.25183282267716     
  0.44000000000000000        335.19006086285845     
  0.44066666666666665        334.75183838511322     
  0.44133333333333330        334.69063680486755     
  0.44200000000000000        334.25184394754933     
  0.44266666666666665        334.19121274687666     
  0.44333333333333330        333.75184950998539     
  0.44400000000000001        333.69178868888577     
  0.44466666666666665        333.25185507242139     
  0.44533333333333330        333.19236463089476     
  0.44600000000000001        332.75186063485745     
  0.44666666666666666        332.69294057290375     
  0.44733333333333331        332.25186619729351     
  0.44800000000000001        332.19351651491269     
  0.44866666666666666        331.75187175972957     
  0.44933333333333331        331.69409245692168     
  0.45000000000000001        331.25187732216568     
  0.45066666666666666        331.19466839893067     
  0.45133333333333331        330.75188288460180     
  0.45199999999999996        330.69524434093967     
  0.45266666666666666        330.25188844703791     
  0.45333333333333331        330.19582028294860     
  0.45399999999999996        329.75189400947403     
  0.45466666666666666        329.69639622495760     
  0.45533333333333331        329.25189957191014     
  0.45599999999999996        329.19697216696659     
  0.45666666666666667        328.75190513434637     
  0.45733333333333331        328.69754810897558     
  0.45799999999999996        328.25191069678249     
  0.45866666666666667        328.19812405098452     
  0.45933333333333332        327.75191625921860     
  0.45999999999999996        327.69869999299351     
  0.46066666666666667        327.25192182165472     
  0.46133333333333332        327.19927593500245     
  0.46199999999999997        326.75192738409095     
  0.46266666666666667        326.69985187701144     
  0.46333333333333332        326.25193294652712     
  0.46399999999999997        326.20042781902043     
  0.46466666666666667        325.75193850896324     
  0.46533333333333332        325.70100376102943     
  0.46599999999999997        325.25194407139941     
  0.46666666666666667        325.20157970303842     
  0.46733333333333332        324.75194963383558     
  0.46799999999999997        324.70215564504741     
  0.46866666666666668        324.25195519627164     
  0.46933333333333332        324.20273158705646     
  0.46999999999999997        323.75196075870775     
  0.47066666666666668        323.70330752906546     
  0.47133333333333333        323.25196632114387     
  0.47199999999999998        323.20388347107445     
  0.47266666666666662        322.75197188357993     
  0.47333333333333333        322.70445941308350     
  0.47399999999999998        322.25197744601604     
  0.47466666666666663        322.20503535509243     
  0.47533333333333333        321.75198300845216     
  0.47599999999999998        321.70561129710143     
  0.47666666666666663        321.25198857088816     
  0.47733333333333333        321.20618723911042     
  0.47799999999999998        320.75199413332422     
  0.47866666666666663        320.70676318111936     
  0.47933333333333333        320.25199969576028     
  0.47999999999999998        320.20733912312829     
  0.48066666666666663        319.75200525819639     
  0.48133333333333334        319.70791506513723     
  0.48199999999999998        319.25201082063251     
  0.48266666666666663        319.20849100714622     
  0.48333333333333334        318.75201638306862     
  0.48399999999999999        318.70906694915516     
  0.48466666666666663        318.25202194550474     
  0.48533333333333334        318.20964289116415     
  0.48599999999999999        317.75202750794085     
  0.48666666666666664        317.71021883317314     
  0.48733333333333334        317.25203307037697     
  0.48799999999999999        317.21079477518219     
  0.48866666666666664        316.75203863281314     
  0.48933333333333334        316.71137071719124     
  0.48999999999999999        316.25204419524925     
  0.49066666666666664        316.21194665920029     
  0.49133333333333334        315.75204975768543     
  0.49199999999999999        315.71252260120929     
  0.49266666666666664        315.25205532012160     
  0.49333333333333329        315.21309854321834     
  0.49399999999999999        314.75206088255777     
  0.49466666666666664        314.71367448522739     
  0.49533333333333329        314.25206644499389     
  0.49600000000000000        314.21425042723638     
  0.49666666666666665        313.75207200742994     
  0.49733333333333329        313.71482636924549     
  0.49800000000000000        313.25207756986606     
  0.49866666666666665        313.21540231125459     
  0.49933333333333330        312.75208313230218     
  0.50000000000000000        312.71597825326364     
  0.50066666666666670        312.71314424394916     
  0.50133333333333330        312.67708378529773     
  0.50200000000000000        312.67420535559620     
  0.50266666666666660        312.63818931733192     
  0.50333333333333330        312.63526646724318     
  0.50400000000000000        312.59929484936606     
  0.50466666666666660        312.59632757889017     
  0.50533333333333330        312.56040038140020     
  0.50600000000000001        312.55738869053715     
  0.50666666666666660        312.52150591343440     
  0.50733333333333330        312.51844980218414     
  0.50800000000000001        312.48261144546859     
  0.50866666666666660        312.47951091383112     
  0.50933333333333330        312.44371697750279     
  0.51000000000000001        312.44057202547810     
  0.51066666666666660        312.40482250953698     
  0.51133333333333331        312.40163313712515     
  0.51200000000000001        312.36592804157118     
  0.51266666666666660        312.36269424877213     
  0.51333333333333331        312.32703357360538     
  0.51400000000000001        312.32375536041917     
  0.51466666666666661        312.28813910563957     
  0.51533333333333331        312.28481647206621     
  0.51600000000000001        312.24924463767371     
  0.51666666666666661        312.24587758371325     
  0.51733333333333331        312.21035016970779     
  0.51800000000000002        312.20693869536035     
  0.51866666666666661        312.17145570174193     
  0.51933333333333331        312.16799980700739     
  0.52000000000000002        312.13256123377607     
  0.52066666666666661        312.12906091865449     
  0.52133333333333332        312.09366676581016     
  0.52200000000000002        312.09012203030159     
  0.52266666666666661        312.05477229784424     
  0.52333333333333332        312.05118314194868     
  0.52400000000000002        312.01587782987838     
  0.52466666666666661        312.01224425359578     
  0.52533333333333332        311.97698336191246     
  0.52600000000000002        311.97330536524288     
  0.52666666666666662        311.93808889394654     
  0.52733333333333332        311.93436647689009     
  0.52800000000000002        311.89919442598062     
  0.52866666666666662        311.89542758853730     
  0.52933333333333332        311.86029995801476     
  0.53000000000000003        311.85648870018451     
  0.53066666666666662        311.82140549004885     
  0.53133333333333332        311.81754981183161     
  0.53200000000000003        311.78251102208293     
  0.53266666666666662        311.77861092347877     
  0.53333333333333333        311.74361655411701     
  0.53400000000000003        311.73967203512592     
  0.53466666666666662        311.70472208615109     
  0.53533333333333333        311.70073314677313     
  0.53600000000000003        311.66582761818518     
  0.53666666666666663        311.66179425842029     
  0.53733333333333333        311.62693315021932     
  0.53800000000000003        311.62285537006744     
  0.53866666666666663        311.58803868225340     
  0.53933333333333333        311.58391648171465     
  0.54000000000000004        311.54914421428742     
  0.54066666666666663        311.54497759336181     
  0.54133333333333333        311.51024974632145     
  0.54200000000000004        311.50603870500896     
  0.54266666666666663        311.47135527835553     
  0.54333333333333333        311.46709981665612     
  0.54399999999999993        311.43246081038961     
  0.54466666666666663        311.42816092830321     
  0.54533333333333334        311.39356634242370     
  0.54599999999999993        311.38922203995037     
  0.54666666666666663        311.35467187445778     
  0.54733333333333334        311.35028315159747     
  0.54799999999999993        311.31577740649180     
  0.54866666666666664        311.31134426324456     
  0.54933333333333334        311.27688293852583     
  0.54999999999999993        311.27240537489166     
  0.55066666666666664        311.23798847055986     
  0.55133333333333334        311.23346648653882     
  0.55199999999999994        311.19909400259382     
  0.55266666666666664        311.19452759818586     
  0.55333333333333334        311.16019953462785     
  0.55399999999999994        311.15558870983295     
  0.55466666666666664        311.12130506666188     
  0.55533333333333335        311.11664982148000     
  0.55599999999999994        311.08241059869590     
  0.55666666666666664        311.07771093312709     
  0.55733333333333335        311.04351613072993     
  0.55799999999999994        311.03877204477419     
  0.55866666666666664        311.00462166276395     
  0.55933333333333335        310.99983315642123     
  0.55999999999999994        310.96572719479803     
  0.56066666666666665        310.96089426806833     
  0.56133333333333335        310.92683272683206     
  0.56199999999999994        310.92195537971537     
  0.56266666666666665        310.88793825886609     
  0.56333333333333335        310.88301649136247     
  0.56399999999999995        310.84904379090011     
  0.56466666666666665        310.84407760300957     
  0.56533333333333335        310.81014932293419     
  0.56599999999999995        310.80513871465672     
  0.56666666666666665        310.77125485496828     
  0.56733333333333336        310.76619982630388     
  0.56799999999999995        310.73236038700236     
  0.56866666666666665        310.72726093795097     
  0.56933333333333336        310.69346591903644     
  0.56999999999999995        310.68832204959807     
  0.57066666666666666        310.65457145107058     
  0.57133333333333336        310.64938316124517     
  0.57199999999999995        310.61567698310472     
  0.57266666666666666        310.61044427289221     
  0.57333333333333336        310.57678251513880     
  0.57399999999999995        310.57150538453925     
  0.57466666666666666        310.53788804717294     
  0.57533333333333336        310.53256649618640     
  0.57599999999999996        310.49899357920714     
  0.57666666666666666        310.49362760783350     
  0.57733333333333337        310.46009911124128     
  0.57799999999999996        310.45468871948060     
  0.57866666666666666        310.42120464327542     
  0.57933333333333337        310.41574983112770     
  0.57999999999999996        310.38231017530956     
  0.58066666666666666        310.37681094277480     
  0.58133333333333337        310.34341570734369     
  0.58199999999999996        310.33787205442189     
  0.58266666666666667        310.30452123937778     
  0.58333333333333326        310.29893316606905     
  0.58399999999999996        310.26562677141192     
  0.58466666666666667        310.25999427771615     
  0.58533333333333326        310.22673230344606     
  0.58599999999999997        310.22105538936324     
  0.58666666666666667        310.18783783548025     
  0.58733333333333326        310.18211650101028     
  0.58799999999999997        310.14894336751439     
  0.58866666666666667        310.14317761265738     
  0.58933333333333326        310.11004889954853     
  0.58999999999999997        310.10423872430442     
  0.59066666666666667        310.07115443158261     
  0.59133333333333327        310.06529983595146     
  0.59199999999999997        310.03225996361675     
  0.59266666666666667        310.02636094759856     
  0.59333333333333327        309.99336549565083     
  0.59399999999999997        309.98742205924566     
  0.59466666666666668        309.95447102768492     
  0.59533333333333327        309.94848317089276     
  0.59599999999999997        309.91557655971906     
  0.59666666666666668        309.90954428253980     
  0.59733333333333327        309.87668209175320     
  0.59799999999999998        309.87060539418690     
  0.59866666666666668        309.83778762378734     
  0.59933333333333327        309.83166650583399     
  0.59999999999999998        309.79889315582142     
  0.60066666666666668        309.79272761748103     
  0.60133333333333328        309.75999868785556     
  0.60199999999999998        309.75378872912813     
  0.60266666666666668        309.72110421988970     
  0.60333333333333328        309.71484984077517     
  0.60399999999999998        309.68220975192378     
  0.60466666666666669        309.67591095242221     
  0.60533333333333328        309.64331528395786     
  0.60599999999999998        309.63697206406931     
  0.60666666666666669        309.60442081599194     
  0.60733333333333328        309.59803317571641     
  0.60799999999999998        309.56552634802603     
  0.60866666666666669        309.55909428736356     
  0.60933333333333328        309.52663188006011     
  0.60999999999999999        309.52015539901060     
  0.61066666666666669        309.48773741209419     
  0.61133333333333328        309.48121651065776     
  0.61199999999999999        309.44884294412833     
  0.61266666666666669        309.44227762230491     
  0.61333333333333329        309.40994847616247     
  0.61399999999999999        309.40333873395207     
  0.61466666666666669        309.37105400819655     
  0.61533333333333329        309.36439984559922     
  0.61599999999999999        309.33215954023063     
  0.61666666666666670        309.32546095724638     
  0.61733333333333329        309.29326507226477     
  0.61799999999999999        309.28652206889359     
  0.61866666666666670        309.25437060429886     
  0.61933333333333329        309.24758318054074     
  0.62000000000000000        309.21547613633300     
  0.62066666666666670        309.20864429218790     
  0.62133333333333329        309.17658166836708     
  0.62200000000000000        309.16970540383505     
  0.62266666666666659        309.13768720040122     
  0.62333333333333329        309.13076651548226     
  0.62400000000000000        309.09879273243536     
  0.62466666666666659        309.09182762712948     
  0.62533333333333330        309.05989826446950     
  0.62600000000000000        309.05288873877669     
  0.62666666666666659        309.02100379650363     
  0.62733333333333330        309.01394985042390     
  0.62800000000000000        308.98210932853772     
  0.62866666666666660        308.97501096207105     
  0.62933333333333330        308.94321486057186     
  0.63000000000000000        308.93607207371832     
  0.63066666666666660        308.90432039260605     
  0.63133333333333330        308.89713318536553     
  0.63200000000000001        308.86542592464019     
  0.63266666666666660        308.85819429701274     
  0.63333333333333330        308.82653145667439     
  0.63400000000000001        308.81925540865996     
  0.63466666666666660        308.78763698870853     
  0.63533333333333331        308.78031652030717     
  0.63600000000000001        308.74874252074261     
  0.63666666666666660        308.74137763195438     
  0.63733333333333331        308.70984805277669     
  0.63800000000000001        308.70243874360153     
  0.63866666666666660        308.67095358481072     
  0.63933333333333331        308.66349985524874     
  0.64000000000000001        308.63205911684480     
  0.64066666666666661        308.62456096689596     
  0.64133333333333331        308.59316464887894     
  0.64200000000000002        308.58562207854311     
  0.64266666666666661        308.55427018091302     
  0.64333333333333331        308.54668319019027     
  0.64400000000000002        308.51537571294710     
  0.64466666666666661        308.50774430183748     
  0.64533333333333331        308.47648124498124     
  0.64600000000000002        308.46880541348469     
  0.64666666666666661        308.43758677701533     
  0.64733333333333332        308.42986652513190     
  0.64800000000000002        308.39869230904935     
  0.64866666666666661        308.39092763677911     
  0.64933333333333332        308.35979784108338     
  0.65000000000000002        308.35198874842632     
  0.65066666666666662        308.32090337311740     
  0.65133333333333332        308.31304986007353     
  0.65200000000000002        308.28200890515143     
  0.65266666666666662        308.27411097172080     
  0.65333333333333332        308.24311443718557     
  0.65400000000000003        308.23517208336807     
  0.65466666666666662        308.20421996921965     
  0.65533333333333332        308.19623319501540     
  0.65600000000000003        308.16532550125368     
  0.65666666666666662        308.15729430666266     
  0.65733333333333333        308.12643103328770     
  0.65800000000000003        308.11835541830993     
  0.65866666666666662        308.08753656532173     
  0.65933333333333333        308.07941652995720     
  0.66000000000000003        308.04864209735575     
  0.66066666666666662        308.04047764160447     
  0.66133333333333333        308.00974762938978     
  0.66200000000000003        308.00153875325179     
  0.66266666666666663        307.97085316142380     
  0.66333333333333333        307.96259986489906     
  0.66399999999999992        307.93195869345789     
  0.66466666666666663        307.92366097654639     
  0.66533333333333333        307.89306422549191     
  0.66599999999999993        307.88472208819366     
  0.66666666666666663        307.85416975752594     
  0.66733333333333333        307.84578319984098     
  0.66799999999999993        307.81527528956002     
  0.66866666666666663        307.80684431148825     
  0.66933333333333334        307.77638082159405     
  0.66999999999999993        307.76790542313557     
  0.67066666666666663        307.73748635362807     
  0.67133333333333334        307.72896653478284     
  0.67199999999999993        307.69859188566210     
  0.67266666666666663        307.69002764643005     
  0.67333333333333334        307.65969741769607     
  0.67399999999999993        307.65108875807732     
  0.67466666666666664        307.62080294973009     
  0.67533333333333334        307.61214986972459     
  0.67599999999999993        307.58190848176412     
  0.67666666666666664        307.57321098137191     
  0.67733333333333334        307.54301401379814     
  0.67799999999999994        307.53427209301918     
  0.67866666666666664        307.50411954583222     
  0.67933333333333334        307.49533320466639     
  0.67999999999999994        307.46522507786631     
  0.68066666666666664        307.45639431631366     
  0.68133333333333335        307.42633060990039     
  0.68199999999999994        307.41745542796087     
  0.68266666666666664        307.38743614193442     
  0.68333333333333335        307.37851653960809     
  0.68399999999999994        307.34854167396850     
  0.68466666666666665        307.33957765125535     
  0.68533333333333335        307.30964720600258     
  0.68599999999999994        307.30063876290257     
  0.68666666666666665        307.27075273803666     
  0.68733333333333335        307.26169987454978     
  0.68799999999999994        307.23185827007069     
  0.68866666666666665        307.22276098619704     
  0.68933333333333335        307.19296380210471     
  0.68999999999999995        307.18382209784431     
  0.69066666666666665        307.15406933413874     
  0.69133333333333336        307.14488320949152     
  0.69199999999999995        307.11517486617277     
  0.69266666666666665        307.10594432113874     
  0.69333333333333336        307.07628039820679     
  0.69399999999999995        307.06700543278595     
  0.69466666666666665        307.03738593024082     
  0.69533333333333336        307.02806654443316     
  0.69599999999999995        306.99849146227484     
  0.69666666666666666        306.98912765608031     
  0.69733333333333336        306.95959699430881     
  0.69799999999999995        306.95018876772752     
  0.69866666666666666        306.92070252634284     
  0.69933333333333336        306.91124987937468     
  0.69999999999999996        306.88180805837675     
  0.70066666666666666        306.87231099102189     
  0.70133333333333336        306.84291359041072     
  0.70199999999999996        306.83337210266910     
  0.70266666666666666        306.80401912244469     
  0.70333333333333325        306.79443321431631     
  0.70399999999999996        306.76512465447877     
  0.70466666666666666        306.75549432596353     
  0.70533333333333326        306.72623018651285     
  0.70599999999999996        306.71655543761074     
  0.70666666666666667        306.68733571854688     
  0.70733333333333326        306.67761654925795     
  0.70799999999999996        306.64844125058096     
  0.70866666666666667        306.63867766090516     
  0.70933333333333326        306.60954678261498     
  0.70999999999999996        306.59973877255231     
  0.71066666666666667        306.57065231464901     
  0.71133333333333326        306.56079988419953     
  0.71199999999999997        306.53175784668309     
  0.71266666666666667        306.52186099584674     
  0.71333333333333326        306.49286337871706     
  0.71399999999999997        306.48292210749395     
  0.71466666666666667        306.45396891075114     
  0.71533333333333327        306.44398321914110     
  0.71599999999999997        306.41507444278517     
  0.71666666666666667        306.40504433078826     
  0.71733333333333327        306.37617997481919     
  0.71799999999999997        306.36610544243547     
  0.71866666666666668        306.33728550685322     
  0.71933333333333327        306.32716655408268     
  0.71999999999999997        306.29839103888719     
  0.72066666666666668        306.28822766572989     
  0.72133333333333327        306.25949657092116     
  0.72199999999999998        306.24928877737710     
  0.72266666666666668        306.22060210295513     
  0.72333333333333327        306.21034988902431     
  0.72399999999999998        306.18170763498904     
  0.72466666666666668        306.17141100067147     
  0.72533333333333327        306.14281316702301     
  0.72599999999999998        306.13247211231862     
  0.72666666666666668        306.10391869905698     
  0.72733333333333328        306.09353322396578     
  0.72799999999999998        306.06502423109083     
  0.72866666666666668        306.05459433561293     
  0.72933333333333328        306.02612976312474     
  0.72999999999999998        306.01565544726009     
  0.73066666666666669        305.98723529515860     
  0.73133333333333328        305.97671655890724     
  0.73199999999999998        305.94834082719251     
  0.73266666666666669        305.93777767055440     
  0.73333333333333328        305.90944635922642     
  0.73399999999999999        305.89883878220155     
  0.73466666666666669        305.87055189126028     
  0.73533333333333328        305.85989989384882     
  0.73599999999999999        305.83165742329413     
  0.73666666666666669        305.82096100549603     
  0.73733333333333329        305.79276295532804     
  0.73799999999999999        305.78202211714324     
  0.73866666666666669        305.75386848736196     
  0.73933333333333329        305.74308322879051     
  0.73999999999999999        305.71497401939592     
  0.74066666666666670        305.70414434043772     
  0.74133333333333329        305.67607955142989     
  0.74199999999999999        305.66520545208499     
  0.74266666666666670        305.63718508346381     
  0.74333333333333329        305.62626656373226     
  0.74399999999999999        305.59829061549777     
  0.74466666666666659        305.58732767537947     
  0.74533333333333329        305.55939614753180     
  0.74600000000000000        305.54838878702668     
  0.74666666666666659        305.52050167956577     
  0.74733333333333329        305.50944989867384     
  0.74800000000000000        305.48160721159979     
  0.74866666666666659        305.47051101032105     
  0.74933333333333330        305.44271274363382     
  0.75000000000000000        305.43157212196826     
  0.75066666666666659        305.40381827566785     
  0.75133333333333330        305.39263323361547     
  0.75200000000000000        305.36492380770181     
  0.75266666666666660        305.35369434526274     
  0.75333333333333330        305.32602933973578     
  0.75400000000000000        305.31475545690995     
  0.75466666666666660        305.28713487176975     
  0.75533333333333330        305.27581656855716     
  0.75600000000000001        305.24824040380372     
  0.75666666666666660        305.23687768020443     
  0.75733333333333330        305.20934593583769     
  0.75800000000000001        305.19793879185170     
  0.75866666666666660        305.17045146787166     
  0.75933333333333330        305.15899990349897     
  0.76000000000000001        305.13155699990557     
  0.76066666666666660        305.12006101514623     
  0.76133333333333331        305.09266253193948     
  0.76200000000000001        305.08112212679356     
  0.76266666666666660        305.05376806397339     
  0.76333333333333331        305.04218323844083     
  0.76400000000000001        305.01487359600731     
  0.76466666666666661        305.00324435008810     
  0.76533333333333331        304.97597912804122     
  0.76600000000000001        304.96430546173536     
  0.76666666666666661        304.93708466007519     
  0.76733333333333331        304.92536657338263     
  0.76800000000000002        304.89819019210915     
  0.76866666666666661        304.88642768502990     
  0.76933333333333331        304.85929572414312     
  0.77000000000000002        304.84748879667717     
  0.77066666666666661        304.82040125617709     
  0.77133333333333332        304.80854990832438     
  0.77200000000000002        304.78150678821100     
  0.77266666666666661        304.76961101997171     
  0.77333333333333332        304.74261232024503     
  0.77400000000000002        304.73067213161897     
  0.77466666666666661        304.70371785227906     
  0.77533333333333332        304.69173324326624     
  0.77600000000000002        304.66482338431297     
  0.77666666666666662        304.65279435491351     
  0.77733333333333332        304.62592891634699     
  0.77800000000000002        304.61385546656066     
  0.77866666666666662        304.58703444838090     
  0.77933333333333332        304.57491657820788     
  0.78000000000000003        304.54813998041493     
  0.78066666666666662        304.53597768985514     
  0.78133333333333332        304.50924551244890     
  0.78200000000000003        304.49703880150236     
  0.78266666666666662        304.47035104448287     
  0.78333333333333333        304.45809991314962     
  0.78399999999999992        304.43145657651689     
  0.78466666666666662        304.41916102479684     
  0.78533333333333333        304.39256210855086     
  0.78599999999999992        304.38022213644405     
  0.78666666666666663        304.35366764058483     
  0.78733333333333333        304.34128324809132     
  0.78799999999999992        304.31477317261880     
  0.78866666666666663        304.30234435973853     
  0.78933333333333333        304.27587870465283     
  0.78999999999999992        304.26340547138574     
  0.79066666666666663        304.23698423668679     
  0.79133333333333333        304.22446658303301     
  0.79199999999999993        304.19808976872076     
  0.79266666666666663        304.18552769468022     
  0.79333333333333333        304.15919530075479     
  0.79399999999999993        304.14658880632743     
  0.79466666666666663        304.12030083278881     
  0.79533333333333334        304.10764991797458     
  0.79599999999999993        304.08140636482284     
  0.79666666666666663        304.06871102962185     
  0.79733333333333334        304.04251189685692     
  0.79799999999999993        304.02977214126901     
  0.79866666666666664        304.00361742889095     
  0.79933333333333334        303.99083325291616     
  0.79999999999999993        303.96472296092497     
  0.80066666666666664        303.95189436456332     
  0.80133333333333334        303.92582849295900     
  0.80199999999999994        303.91295547621053     
  0.80266666666666664        303.88693402499314     
  0.80333333333333334        303.87401658785774     
  0.80399999999999994        303.84803955702728     
  0.80466666666666664        303.83507769950495     
  0.80533333333333335        303.80914508906136     
  0.80599999999999994        303.79613881115210     
  0.80666666666666664        303.77025062109539     
  0.80733333333333335        303.75719992279932     
  0.80799999999999994        303.73135615312941     
  0.80866666666666664        303.71826103444653     
  0.80933333333333335        303.69246168516344     
  0.80999999999999994        303.67932214609374     
  0.81066666666666665        303.65356721719752     
  0.81133333333333335        303.64038325774101     
  0.81199999999999994        303.61467274923160     
  0.81266666666666665        303.60144436938822     
  0.81333333333333335        303.57577828126568     
  0.81399999999999995        303.56250548103537     
  0.81466666666666665        303.53688381329971     
  0.81533333333333335        303.52356659268258     
  0.81599999999999995        303.49798934533379     
  0.81666666666666665        303.48462770432980     
  0.81733333333333336        303.45909487736787     
  0.81799999999999995        303.44568881597695     
  0.81866666666666665        303.42020040940201     
  0.81933333333333336        303.40674992762416     
  0.81999999999999995        303.38130594143610     
  0.82066666666666666        303.36781103927137     
  0.82133333333333336        303.34241147347018     
  0.82199999999999995        303.32887215091864     
  0.82266666666666666        303.30351700550432     
  0.82333333333333325        303.28993326256585     
  0.82399999999999995        303.26462253753840     
  0.82466666666666666        303.25099437421301     
  0.82533333333333325        303.22572806957254     
  0.82599999999999996        303.21205548586028     
  0.82666666666666666        303.18683360160662     
  0.82733333333333325        303.17311659750754     
  0.82799999999999996        303.14793913364065     
  0.82866666666666666        303.13417770915481     
  0.82933333333333326        303.10904466567473     
  0.82999999999999996        303.09523882080208     
  0.83066666666666666        303.07015019770881     
  0.83133333333333326        303.05629993244929     
  0.83199999999999996        303.03125572974290     
  0.83266666666666667        303.01736104409656     
  0.83333333333333326        302.99236126177709     
  0.83399999999999996        302.97842215574377     
  0.83466666666666667        302.95346679381129     
  0.83533333333333326        302.93948326739098     
  0.83599999999999997        302.91457232584537     
  0.83666666666666667        302.90054437903814     
  0.83733333333333326        302.87567785787945     
  0.83799999999999997        302.86160549068541     
  0.83866666666666667        302.83678338991359     
  0.83933333333333326        302.82266660233262     
  0.83999999999999997        302.79788892194773     
  0.84066666666666667        302.78372771397983     
  0.84133333333333327        302.75899445398181     
  0.84199999999999997        302.74478882562710     
  0.84266666666666667        302.72009998601595     
  0.84333333333333327        302.70584993727431     
  0.84399999999999997        302.68120551805004     
  0.84466666666666668        302.66691104892152     
  0.84533333333333327        302.64231105008412     
  0.84599999999999997        302.62797216056873     
  0.84666666666666668        302.60341658211820     
  0.84733333333333327        302.58903327221594     
  0.84799999999999998        302.56452211415223     
  0.84866666666666668        302.55009438386315     
  0.84933333333333327        302.52562764618625     
  0.84999999999999998        302.51115549551037     
  0.85066666666666668        302.48673317822022     
  0.85133333333333328        302.47221660715758     
  0.85199999999999998        302.44783871025419     
  0.85266666666666668        302.43327771880479     
  0.85333333333333328        302.40894424228816     
  0.85399999999999998        302.39433883045194     
  0.85466666666666669        302.37004977432218     
  0.85533333333333328        302.35539994209921     
  0.85599999999999998        302.33115530635621     
  0.85666666666666669        302.31646105374642     
  0.85733333333333328        302.29226083839018     
  0.85799999999999998        302.27752216539363     
  0.85866666666666669        302.25336637042415     
  0.85933333333333328        302.23858327704079     
  0.85999999999999999        302.21447190245817     
  0.86066666666666669        302.19964438868800     
  0.86133333333333328        302.17557743449214     
  0.86199999999999999        302.16070550033521     
  0.86266666666666669        302.13668296652611     
  0.86333333333333329        302.12176661198237     
  0.86399999999999999        302.09778849856013     
  0.86466666666666658        302.08282772362952     
  0.86533333333333329        302.05889403059416     
  0.86599999999999999        302.04388883527679     
  0.86666666666666659        302.01999956262807     
  0.86733333333333329        302.00494994692406     
  0.86799999999999999        301.98110509466204     
  0.86866666666666659        301.96601105857138     
  0.86933333333333329        301.94221062669607     
  0.87000000000000000        301.92707217021865     
  0.87066666666666659        301.90331615873009     
  0.87133333333333329        301.88813328186598     
  0.87200000000000000        301.86442169076406     
  0.87266666666666659        301.84919439351324     
  0.87333333333333329        301.82552722279797     
  0.87400000000000000        301.81025550516051     
  0.87466666666666659        301.78663275483194     
  0.87533333333333330        301.77131661680778     
  0.87600000000000000        301.74773828686591     
  0.87666666666666659        301.73237772845499     
  0.87733333333333330        301.70884381889988     
  0.87800000000000000        301.69343884010226     
  0.87866666666666660        301.66994935093385     
  0.87933333333333330        301.65449995174953     
  0.88000000000000000        301.63105488296782     
  0.88066666666666660        301.61556106339685     
  0.88133333333333330        301.59216041500179     
  0.88200000000000001        301.57662217504406     
  0.88266666666666660        301.55326594703581     
  0.88333333333333330        301.53768328669128     
  0.88400000000000001        301.51437147906989     
  0.88466666666666660        301.49874439833854     
  0.88533333333333331        301.47547701110386     
  0.88600000000000001        301.45980550998581     
  0.88666666666666660        301.43658254313777     
  0.88733333333333331        301.42086662163302     
  0.88800000000000001        301.39768807517169     
  0.88866666666666660        301.38192773328029     
  0.88933333333333331        301.35879360720566     
  0.89000000000000001        301.34298884492750     
  0.89066666666666661        301.31989913923957     
  0.89133333333333331        301.30404995657472     
  0.89200000000000002        301.28100467127348     
  0.89266666666666661        301.26511106822193     
  0.89333333333333331        301.24211020330745     
  0.89400000000000002        301.22617217986920     
  0.89466666666666661        301.20321573534136     
  0.89533333333333331        301.18723329151641     
  0.89600000000000002        301.16432126737533     
  0.89666666666666661        301.14829440316367     
  0.89733333333333332        301.12542679940924     
  0.89800000000000002        301.10935551481089     
  0.89866666666666661        301.08653233144327     
  0.89933333333333332        301.07041662645815     
  0.90000000000000002        301.04763786347718     
  0.90066666666666662        301.03147773810537     
  0.90133333333333332        301.00874339551109     
  0.90200000000000002        300.99253884975258     
  0.90266666666666662        300.96984892754500     
  0.90333333333333332        300.95359996139979     
  0.90399999999999991        300.93095445957891     
  0.90466666666666662        300.91466107304694     
  0.90533333333333332        300.89205999161288     
  0.90599999999999992        300.87572218469421     
  0.90666666666666662        300.85316552364685     
  0.90733333333333333        300.83678329634142     
  0.90799999999999992        300.81427105568076     
  0.90866666666666662        300.79784440798858     
  0.90933333333333333        300.77537658771473     
  0.90999999999999992        300.75890551963579     
  0.91066666666666662        300.73648211974864     
  0.91133333333333333        300.71996663128300     
  0.91199999999999992        300.69758765178250     
  0.91266666666666663        300.68102774293021     
  0.91333333333333333        300.65869318381641     
  0.91399999999999992        300.64208885457737     
  0.91466666666666663        300.61979871585032     
  0.91533333333333333        300.60314996622458     
  0.91599999999999993        300.58090424788423     
  0.91666666666666663        300.56421107787185     
  0.91733333333333333        300.54200977991815     
  0.91799999999999993        300.52527218951906     
  0.91866666666666663        300.50311531195212     
  0.91933333333333334        300.48633330116633     
  0.91999999999999993        300.46422084398603     
  0.92066666666666663        300.44739441281359     
  0.92133333333333334        300.42532637601994     
  0.92199999999999993        300.40845552446092     
  0.92266666666666663        300.38643190805385     
  0.92333333333333334        300.36951663610819     
  0.92399999999999993        300.34753744008776     
  0.92466666666666664        300.33057774775551     
  0.92533333333333334        300.30864297212167     
  0.92599999999999993        300.29163885940278     
  0.92666666666666664        300.26974850415564     
  0.92733333333333334        300.25269997105005     
  0.92799999999999994        300.23085403618950     
  0.92866666666666664        300.21376108269726     
  0.92933333333333334        300.19195956822341     
  0.92999999999999994        300.17482219434447     
  0.93066666666666664        300.15306510025732     
  0.93133333333333335        300.13588330599174     
  0.93199999999999994        300.11417063229118     
  0.93266666666666664        300.09694441763895     
  0.93333333333333335        300.07527616432509     
  0.93399999999999994        300.05800552928622     
  0.93466666666666665        300.03638169635894     
  0.93533333333333335        300.01906664093349     
  0.93599999999999994        299.99748722839280     
  0.93666666666666665        299.98012775258064     
  0.93733333333333335        299.95859276042671     
  0.93799999999999994        299.94118886422780     
  0.93866666666666665        299.91969829246057     
  0.93933333333333335        299.90224997587495     
  0.93999999999999995        299.88080382449442     
  0.94066666666666665        299.86331108752211     
  0.94133333333333336        299.84190935652833     
  0.94199999999999995        299.82437219916920     
  0.94266666666666665        299.80301488856219     
  0.94333333333333336        299.78543331081630     
  0.94399999999999995        299.76412042059610     
  0.94466666666666665        299.74649442246340     
  0.94533333333333325        299.72522595263001     
  0.94599999999999995        299.70755553411055     
  0.94666666666666666        299.68633148466398     
  0.94733333333333325        299.66861664575777     
  0.94799999999999995        299.64743701669784     
  0.94866666666666666        299.62967775740492     
  0.94933333333333325        299.60854254873169     
  0.94999999999999996        299.59073886905207     
  0.95066666666666666        299.56964808076560     
  0.95133333333333325        299.55179998069929     
  0.95199999999999996        299.53075361279951     
  0.95266666666666666        299.51286109234650     
  0.95333333333333325        299.49185914483331     
  0.95399999999999996        299.47392220399371     
  0.95466666666666666        299.45296467686717     
  0.95533333333333326        299.43498331564086     
  0.95599999999999996        299.41407020890102     
  0.95666666666666667        299.39604442728807     
  0.95733333333333326        299.37517574093488     
  0.95799999999999996        299.35710553893529     
  0.95866666666666667        299.33628127296868     
  0.95933333333333326        299.31816665058244     
  0.95999999999999996        299.29738680500253     
  0.96066666666666667        299.27922776222960     
  0.96133333333333326        299.25849233703633     
  0.96199999999999997        299.24028887387686     
  0.96266666666666667        299.21959786907018     
  0.96333333333333326        299.20134998552408     
  0.96399999999999997        299.18070340110404     
  0.96466666666666667        299.16241109717123     
  0.96533333333333327        299.14180893313784     
  0.96599999999999997        299.12347220881838     
  0.96666666666666667        299.10291446517164     
  0.96733333333333327        299.08453332046560     
  0.96799999999999997        299.06401999720543     
  0.96866666666666668        299.04559443211275     
  0.96933333333333327        299.02512552923923     
  0.96999999999999997        299.00665554375990     
  0.97066666666666668        298.98623106127303     
  0.97133333333333327        298.96771665540712     
  0.97199999999999998        298.94733659330689     
  0.97266666666666668        298.92877776705438     
  0.97333333333333327        298.90844212534068     
  0.97399999999999998        298.88983887870165     
  0.97466666666666668        298.86954765737448     
  0.97533333333333327        298.85089999034886     
  0.97599999999999998        298.83065318940834     
  0.97666666666666668        298.81196110199602     
  0.97733333333333328        298.79175872144214     
  0.97799999999999998        298.77302221364329     
  0.97866666666666668        298.75286425347593     
  0.97933333333333328        298.73408332529050     
  0.97999999999999998        298.71396978550973     
  0.98066666666666669        298.69514443693777     
  0.98133333333333328        298.67507531754359     
  0.98199999999999998        298.65620554858498     
  0.98266666666666669        298.63618084957744     
  0.98333333333333328        298.61726666023225     
  0.98399999999999999        298.59728638161124     
  0.98466666666666658        298.57832777187951     
  0.98533333333333328        298.55839191364510     
  0.98599999999999999        298.53938888352678     
  0.98666666666666658        298.51949744567889     
  0.98733333333333329        298.50044999517411     
  0.98799999999999999        298.48060297771269     
  0.98866666666666658        298.46151110682138     
  0.98933333333333329        298.44170850974649     
  0.98999999999999999        298.42257221846864     
  0.99066666666666658        298.40281404178035     
  0.99133333333333329        298.38363333011597     
  0.99199999999999999        298.36391957381414     
  0.99266666666666659        298.34469444176324     
  0.99333333333333329        298.32502510584794     
  0.99399999999999999        298.30575555341056     
  0.99466666666666659        298.28613063788180     
  0.99533333333333329        298.26681666505795     
  0.99600000000000000        298.24723616991560     
  0.99666666666666659        298.22787777670527     
  0.99733333333333329        298.20834170194939     
  0.99800000000000000        298.18893888835265     
  0.99866666666666659        298.16944723398313     
  0.99933333333333330        298.14999999999998     
