   0.0000000000000000        500.00000000000000     
   8.3333333333333329E-002   463.07053214335963     
  0.16666666666666666        436.81627669096514     
  0.25000000000000000        389.21908007436275     
  0.33333333333333331        373.63313064707631     
  0.41666666666666663        315.36762800536593     
  0.50000000000000000        310.44998460318749     
  0.58333333333333326        309.62550398858855     
  0.66666666666666663        305.52989428148987     
  0.75000000000000000        303.88337997181134     
  0.83333333333333326        300.60980395979237     
  0.91666666666666663        298.14999999999998     
