   0.0000000000000000        500.00000000000000     
   1.0000000000000000E-003   499.62477180619703     
   2.0000000000000000E-003   499.25082782352450     
   3.0000000000000001E-003   498.87431541859104     
   4.0000000000000001E-003   498.50165564704895     
   5.0000000000000001E-003   498.12385903098510     
   6.0000000000000001E-003   497.75248347057334     
   7.0000000000000001E-003   497.37340264337922     
   8.0000000000000002E-003   497.00331129409790     
   9.0000000000000011E-003   496.62294625577329     
   1.0000000000000000E-002   496.25413911762240     
   1.0999999999999999E-002   495.87248986816746     
   1.2000000000000000E-002   495.50496694114685     
   1.3000000000000001E-002   495.12203348056164     
   1.4000000000000000E-002   494.75579476467124     
   1.4999999999999999E-002   494.37157709295582     
   1.6000000000000000E-002   494.00662258819557     
   1.7000000000000001E-002   493.62112070535005     
   1.8000000000000002E-002   493.25745041172001     
   1.9000000000000000E-002   492.87066431774440     
   2.0000000000000000E-002   492.50827823524452     
   2.1000000000000001E-002   492.12020793013869     
   2.1999999999999999E-002   491.75910605876902     
   2.3000000000000000E-002   491.36975154253298     
   2.4000000000000000E-002   491.00993388229347     
   2.5000000000000001E-002   490.61929515492733     
   2.6000000000000002E-002   490.26076170581797     
   2.7000000000000000E-002   489.86883876732168     
   2.8000000000000001E-002   489.51158952934242     
   2.9000000000000001E-002   489.11838237971591     
   2.9999999999999999E-002   488.76241735286675     
   3.1000000000000000E-002   488.36792599211020     
   3.2000000000000001E-002   488.01324517639108     
   3.3000000000000002E-002   487.61746960450455     
   3.4000000000000002E-002   487.26407299991553     
   3.5000000000000003E-002   486.86701321689884     
   3.6000000000000004E-002   486.51490082343986     
   3.6999999999999998E-002   486.11655682929307     
   3.7999999999999999E-002   485.76572864696419     
   3.9000000000000000E-002   485.36610044168737     
   4.0000000000000001E-002   485.01655647048858     
   4.1000000000000002E-002   484.61564405408166     
   4.2000000000000003E-002   484.26738429401297     
   4.3000000000000003E-002   483.86518766647595     
   4.3999999999999997E-002   483.51821211753742     
   4.4999999999999998E-002   483.11473127887024     
   4.5999999999999999E-002   482.76903994106186     
   4.7000000000000000E-002   482.36427489126464     
   4.8000000000000001E-002   482.01986776458631     
   4.9000000000000002E-002   481.61381850365910     
   5.0000000000000003E-002   481.27069558811075     
   5.1000000000000004E-002   480.86336211605351     
   5.2000000000000005E-002   480.52152341163520     
   5.2999999999999999E-002   480.11290572844791     
   5.3999999999999999E-002   479.77235123515959     
   5.5000000000000000E-002   479.36244934084237     
   5.6000000000000001E-002   479.02317905868398     
   5.7000000000000002E-002   478.61199295323689     
   5.8000000000000003E-002   478.27400688220837     
   5.9000000000000004E-002   477.86153656563141     
   5.9999999999999998E-002   477.52483470573270     
   6.0999999999999999E-002   477.11108017802587     
   6.2000000000000000E-002   476.77566252925698     
   6.3000000000000000E-002   476.36062379042028     
   6.4000000000000001E-002   476.02649035278120     
   6.5000000000000002E-002   475.61016740281474     
   6.6000000000000003E-002   475.27731817630541     
   6.7000000000000004E-002   474.85971101520920     
   6.8000000000000005E-002   474.52814599982963     
   6.9000000000000006E-002   474.10925462760360     
   7.0000000000000007E-002   473.77897382335374     
   7.1000000000000008E-002   473.35879823999795     
   7.2000000000000008E-002   473.02980164687790     
   7.2999999999999995E-002   472.60834185239230     
   7.3999999999999996E-002   472.28062947040206     
   7.4999999999999997E-002   471.85788546478665     
   7.5999999999999998E-002   471.53145729392617     
   7.6999999999999999E-002   471.10742907718105     
   7.8000000000000000E-002   470.78228511745027     
   7.9000000000000001E-002   470.35697268957540     
   8.0000000000000002E-002   470.03311294097438     
   8.1000000000000003E-002   469.60651630196975     
   8.2000000000000003E-002   469.28394076449842     
   8.3000000000000004E-002   468.85605991436404     
   8.4000000000000005E-002   468.53476858802253     
   8.5000000000000006E-002   468.10560352675833     
   8.6000000000000007E-002   467.78559641154663     
   8.7000000000000008E-002   467.35514713915256     
   8.7999999999999995E-002   467.03642423507074     
   8.8999999999999996E-002   466.60469075154680     
   8.9999999999999997E-002   466.28725205859485     
   9.0999999999999998E-002   465.85423436394109     
   9.1999999999999998E-002   465.53807988211889     
   9.2999999999999999E-002   465.10377797633532     
   9.4000000000000000E-002   464.78890770564294     
   9.5000000000000001E-002   464.35332158872956     
   9.6000000000000002E-002   464.03973552916710     
   9.7000000000000003E-002   463.60286520112385     
   9.8000000000000004E-002   463.29056335269121     
   9.9000000000000005E-002   462.85240881351808     
  0.10000000000000001        462.54139117621526     
  0.10100000000000001        462.10195242591232     
  0.10200000000000001        461.79221899973936     
  0.10300000000000001        461.35149603830661     
  0.10400000000000001        461.04304682326341     
  0.10500000000000000        460.60103965070090     
  0.10600000000000000        460.29387464678746     
  0.10700000000000000        459.85058326309519     
  0.10800000000000000        459.54470247031156     
  0.10900000000000000        459.10012687548954     
  0.11000000000000000        458.79553029383572     
  0.11100000000000000        458.34967048788388     
  0.11200000000000000        458.04635811735977     
  0.11300000000000000        457.59921410027818     
  0.11400000000000000        457.29718594088382     
  0.11500000000000000        456.84875771267247     
  0.11600000000000001        456.54801376440798     
  0.11700000000000001        456.09830132506681     
  0.11800000000000001        455.79884158793209     
  0.11900000000000001        455.34784493746110     
  0.12000000000000000        455.04966941145608     
  0.12100000000000000        454.59738854985540     
  0.12200000000000000        454.30049723498013     
  0.12300000000000000        453.84693216224969     
  0.12400000000000000        453.55132505850423     
  0.12500000000000000        453.09647577464403     
  0.12600000000000000        452.80215288202839     
  0.12700000000000000        452.34601938703833     
  0.12800000000000000        452.05298070555256     
  0.12900000000000000        451.59556299943267     
  0.13000000000000000        451.30380852907678     
  0.13100000000000001        450.84510661182702     
  0.13200000000000001        450.55463635260088     
  0.13300000000000001        450.09465022422137     
  0.13400000000000001        449.80546417612504     
  0.13500000000000001        449.34419383661560     
  0.13600000000000001        449.05629199964920     
  0.13700000000000001        448.59373744900984     
  0.13800000000000001        448.30711982317348     
  0.13900000000000001        447.84328106140407     
  0.14000000000000001        447.55794764669770     
  0.14100000000000001        447.09282467379836     
  0.14200000000000002        446.80877547022186     
  0.14300000000000002        446.34236828619265     
  0.14400000000000002        446.05960329374608     
  0.14499999999999999        445.59191189858700     
  0.14599999999999999        445.31043111727030     
  0.14699999999999999        444.84145551098135     
  0.14799999999999999        444.56125894079446     
  0.14899999999999999        444.09099912337570     
  0.14999999999999999        443.81208676431868     
  0.15100000000000000        443.34054273576999     
  0.15200000000000000        443.06291458784284     
  0.15300000000000000        442.59008634816428     
  0.15400000000000000        442.31374241136706     
  0.15500000000000000        441.83962996055857     
  0.15600000000000000        441.56457023489128     
  0.15700000000000000        441.08917357295286     
  0.15800000000000000        440.81539805841544     
  0.15900000000000000        440.33871718534715     
  0.16000000000000000        440.06622588193966     
  0.16100000000000000        439.58826079774150     
  0.16200000000000001        439.31705370546388     
  0.16300000000000001        438.83780441013585     
  0.16400000000000001        438.56788152898810     
  0.16500000000000001        438.08734802253008     
  0.16600000000000001        437.81870935251237     
  0.16700000000000001        437.33689163492431     
  0.16800000000000001        437.06953717603659     
  0.16900000000000001        436.58643524731855     
  0.17000000000000001        436.32036499956087     
  0.17100000000000001        435.83597885971278     
  0.17200000000000001        435.57119282308514     
  0.17300000000000001        435.08552247210702     
  0.17400000000000002        434.82202064660936     
  0.17500000000000002        434.33506608450131     
  0.17599999999999999        434.07284847013358     
  0.17699999999999999        433.58460969689554     
  0.17799999999999999        433.32367629365780     
  0.17899999999999999        432.83415330928977     
  0.17999999999999999        432.57450411718207     
  0.18099999999999999        432.08369692168407     
  0.18200000000000000        431.82533194070629     
  0.18300000000000000        431.33324053407824     
  0.18400000000000000        431.07615976423051     
  0.18500000000000000        430.58278414647253     
  0.18600000000000000        430.32698758775473     
  0.18700000000000000        429.83232775886677     
  0.18800000000000000        429.57781541127895     
  0.18900000000000000        429.08187137126100     
  0.19000000000000000        428.82864323480311     
  0.19100000000000000        428.33141498365518     
  0.19200000000000000        428.07947105832727     
  0.19300000000000000        427.58095859604941     
  0.19400000000000001        427.33029888185143     
  0.19500000000000001        426.83050220844365     
  0.19600000000000001        426.58112670537565     
  0.19700000000000001        426.08004582083782     
  0.19800000000000001        425.83195452889981     
  0.19900000000000001        425.32958943323200     
  0.20000000000000001        425.08278235242403     
  0.20100000000000001        424.57913304562618     
  0.20200000000000001        424.33361017594825     
  0.20300000000000001        423.82867665802036     
  0.20400000000000001        423.58443799947241     
  0.20500000000000002        423.07822027041453     
  0.20600000000000002        422.83526582299658     
  0.20700000000000002        422.32776388280877     
  0.20800000000000002        422.08609364652079     
  0.20899999999999999        421.57730749520294     
  0.20999999999999999        421.33692147004496     
  0.21099999999999999        420.82685110759712     
  0.21199999999999999        420.58774929356912     
  0.21299999999999999        420.07639471999136     
  0.21400000000000000        419.83857711709328     
  0.21500000000000000        419.32593833238553     
  0.21600000000000000        419.08940494061744     
  0.21700000000000000        418.57548194477971     
  0.21800000000000000        418.34023276414160     
  0.21900000000000000        417.82502555717400     
  0.22000000000000000        417.59106058766582     
  0.22100000000000000        417.07456916956824     
  0.22200000000000000        416.84188841118998     
  0.22300000000000000        416.32411278196247     
  0.22400000000000000        416.09271623471420     
  0.22500000000000001        415.57365639435676     
  0.22600000000000001        415.34354405823842     
  0.22700000000000001        414.82320000675105     
  0.22800000000000001        414.59437188176264     
  0.22900000000000001        414.07274361914534     
  0.23000000000000001        413.84519970528686     
  0.23100000000000001        413.32228723153963     
  0.23200000000000001        413.09602752881102     
  0.23300000000000001        412.57183084393392     
  0.23400000000000001        412.34685535233513     
  0.23500000000000001        411.82137445632821     
  0.23600000000000002        411.59768317585929     
  0.23700000000000002        411.07091806872251     
  0.23800000000000002        410.84851099938345     
  0.23900000000000002        410.32046168111685     
  0.23999999999999999        410.09933882290761     
  0.24099999999999999        409.57000529351120     
  0.24199999999999999        409.35016664643177     
  0.24299999999999999        408.81954890590544     
  0.24399999999999999        408.60099446995588     
  0.24500000000000000        408.06909251829978     
  0.24600000000000000        407.85182229348004     
  0.24700000000000000        407.31863613069413     
  0.24800000000000000        407.10265011700420     
  0.24900000000000000        406.56817974308842     
  0.25000000000000000        406.35347794052836     
  0.25100000000000000        405.81772335548266     
  0.25200000000000000        405.60430576405258     
  0.25300000000000000        405.06726696787689     
  0.25400000000000000        404.85513358757674     
  0.25500000000000000        404.31681058027118     
  0.25600000000000001        404.10596141110091     
  0.25700000000000001        403.56635419266541     
  0.25800000000000001        403.35678923462507     
  0.25900000000000001        402.81589780505971     
  0.26000000000000001        402.60761705814929     
  0.26100000000000001        402.06544141745400     
  0.26200000000000001        401.85844488167339     
  0.26300000000000001        401.31498502984829     
  0.26400000000000001        401.10927270519755     
  0.26500000000000001        400.56452864224258     
  0.26600000000000001        400.36010052872166     
  0.26700000000000002        399.81407225463693     
  0.26800000000000002        399.61092835224571     
  0.26900000000000002        399.06361586703133     
  0.27000000000000002        398.86175617576987     
  0.27100000000000002        398.31315947942562     
  0.27200000000000002        398.11258399929397     
  0.27300000000000002        397.56270309181991     
  0.27400000000000002        397.36341182281802     
  0.27500000000000002        396.81224670421426     
  0.27600000000000002        396.61423964634213     
  0.27700000000000002        396.06179031660861     
  0.27800000000000002        395.86506746986623     
  0.27900000000000003        395.31133392900284     
  0.28000000000000003        395.11589529339034     
  0.28100000000000003        394.56087754139713     
  0.28200000000000003        394.36672311691444     
  0.28300000000000003        393.81042115379142     
  0.28400000000000003        393.61755094043855     
  0.28500000000000003        393.05996476618566     
  0.28600000000000003        392.86837876396265     
  0.28700000000000003        392.30950837857989     
  0.28800000000000003        392.11920658748681     
  0.28899999999999998        391.55905199097413     
  0.28999999999999998        391.37003441101092     
  0.29099999999999998        390.80859560336830     
  0.29199999999999998        390.62086223453508     
  0.29299999999999998        390.05813921576248     
  0.29399999999999998        389.87169005805924     
  0.29499999999999998        389.30768282815666     
  0.29599999999999999        389.12251788158346     
  0.29699999999999999        388.55722644055083     
  0.29799999999999999        388.37334570510768     
  0.29899999999999999        387.80677005294501     
  0.29999999999999999        387.62417352863190     
  0.30099999999999999        387.05631366533930     
  0.30199999999999999        386.87500135215612     
  0.30299999999999999        386.30585727773348     
  0.30399999999999999        386.12582917568034     
  0.30499999999999999        385.55540089012771     
  0.30599999999999999        385.37665699920456     
  0.30700000000000000        384.80494450252195     
  0.30800000000000000        384.62748482272877     
  0.30900000000000000        384.05448811491624     
  0.31000000000000000        383.87831264625305     
  0.31100000000000000        383.30403172731047     
  0.31200000000000000        383.12914046977733     
  0.31300000000000000        382.55357533970476     
  0.31400000000000000        382.37996829330160     
  0.31500000000000000        381.80311895209911     
  0.31600000000000000        381.63079611682588     
  0.31700000000000000        381.05266256449340     
  0.31800000000000000        380.88162394035015     
  0.31900000000000001        380.30220617688769     
  0.32000000000000001        380.13245176387449     
  0.32100000000000001        379.55174978928198     
  0.32200000000000001        379.38327958739876     
  0.32300000000000001        378.80129340167633     
  0.32400000000000001        378.63410741092315     
  0.32500000000000001        378.05083701407062     
  0.32600000000000001        377.88493523444743     
  0.32700000000000001        377.30038062646491     
  0.32800000000000001        377.13576305797181     
  0.32900000000000001        376.54992423885926     
  0.33000000000000002        376.38659088149620     
  0.33100000000000002        375.79946785125367     
  0.33200000000000002        375.63741870502054     
  0.33300000000000002        375.04901146364801     
  0.33400000000000002        374.88824652854493     
  0.33500000000000002        374.29855507604236     
  0.33600000000000002        374.13907435206926     
  0.33700000000000002        373.54809868843671     
  0.33800000000000002        373.38990217559365     
  0.33900000000000002        372.79764230083111     
  0.34000000000000002        372.64072999911804     
  0.34100000000000003        372.04718591322541     
  0.34200000000000003        371.89155782264243     
  0.34300000000000003        371.29672952561970     
  0.34400000000000003        371.14238564616676     
  0.34500000000000003        370.54627313801404     
  0.34600000000000003        370.39321346969115     
  0.34700000000000003        369.79581675040833     
  0.34800000000000003        369.64404129321554     
  0.34900000000000003        369.04536036280263     
  0.35000000000000003        368.89486911673998     
  0.35100000000000003        368.29490397519697     
  0.35199999999999998        368.14569694026443     
  0.35299999999999998        367.54444758759132     
  0.35399999999999998        367.39652476378888     
  0.35499999999999998        366.79399119998567     
  0.35599999999999998        366.64735258731326     
  0.35699999999999998        366.04353481238002     
  0.35799999999999998        365.89818041083771     
  0.35899999999999999        365.29307842477436     
  0.35999999999999999        365.14900823436204     
  0.36099999999999999        364.54262203716866     
  0.36199999999999999        364.39983605788643     
  0.36299999999999999        363.79216564956295     
  0.36399999999999999        363.65066388141076     
  0.36499999999999999        363.04170926195724     
  0.36599999999999999        362.90149170493510     
  0.36699999999999999        362.29125287435158     
  0.36799999999999999        362.15231952845949     
  0.36899999999999999        361.54079648674593     
  0.37000000000000000        361.40314735198382     
  0.37100000000000000        360.79034009914022     
  0.37200000000000000        360.65397517550821     
  0.37300000000000000        360.03988371153451     
  0.37400000000000000        359.90480299903260     
  0.37500000000000000        359.28942732392875     
  0.37600000000000000        359.15563082255699     
  0.37700000000000000        358.53897093632293     
  0.37800000000000000        358.40645864608132     
  0.37900000000000000        357.78851454871710     
  0.38000000000000000        357.65728646960571     
  0.38100000000000001        357.03805816111128     
  0.38200000000000001        356.90811429313004     
  0.38300000000000001        356.28760177350546     
  0.38400000000000001        356.15894211665432     
  0.38500000000000001        355.53714538589963     
  0.38600000000000001        355.40976994017859     
  0.38700000000000001        354.78668899829381     
  0.38800000000000001        354.66059776370287     
  0.38900000000000001        354.03623261068799     
  0.39000000000000001        353.91142558722720     
  0.39100000000000001        353.28577622308217     
  0.39200000000000002        353.16225341075153     
  0.39300000000000002        352.53531983547640     
  0.39400000000000002        352.41308123427592     
  0.39500000000000002        351.78486344787058     
  0.39600000000000002        351.66390905780025     
  0.39700000000000002        351.03440706026481     
  0.39800000000000002        350.91473688132453     
  0.39900000000000002        350.28395067265905     
  0.40000000000000002        350.16556470484880     
  0.40100000000000002        349.53349428505328     
  0.40200000000000002        349.41639252837308     
  0.40300000000000002        348.78303789744746     
  0.40400000000000003        348.66722035189736     
  0.40500000000000003        348.03258150984169     
  0.40600000000000003        347.91804817542157     
  0.40700000000000003        347.28212512223587     
  0.40800000000000003        347.16887599894579     
  0.40900000000000003        346.53166873463005     
  0.41000000000000003        346.41970382247007     
  0.41100000000000003        345.78121234702422     
  0.41200000000000003        345.67053164599434     
  0.41300000000000003        345.03075595941840     
  0.41400000000000003        344.92135946951856     
  0.41500000000000004        344.28029957181263     
  0.41600000000000004        344.17218729304278     
  0.41699999999999998        343.52984318420687     
  0.41799999999999998        343.42301511656700     
  0.41899999999999998        342.77938679660110     
  0.41999999999999998        342.67384294009122     
  0.42099999999999999        342.02893040899534     
  0.42199999999999999        341.92467076361538     
  0.42299999999999999        341.27847402138957     
  0.42399999999999999        341.17549858713960     
  0.42499999999999999        340.52801763378375     
  0.42599999999999999        340.42632641066382     
  0.42699999999999999        339.77756124617798     
  0.42799999999999999        339.67715423418798     
  0.42899999999999999        339.02710485857216     
  0.42999999999999999        338.92798205771226     
  0.43099999999999999        338.27664847096634     
  0.43200000000000000        338.17880988123642     
  0.43300000000000000        337.52619208336051     
  0.43400000000000000        337.42963770476058     
  0.43500000000000000        336.77573569575475     
  0.43600000000000000        336.68046552828480     
  0.43700000000000000        336.02527930814898     
  0.43800000000000000        335.93129335180896     
  0.43900000000000000        335.27482292054322     
  0.44000000000000000        335.18212117533324     
  0.44100000000000000        334.52436653293745     
  0.44200000000000000        334.43294899885751     
  0.44300000000000000        333.77391014533174     
  0.44400000000000001        333.68377682238173     
  0.44500000000000001        333.02345375772597     
  0.44600000000000001        332.93460464590595     
  0.44700000000000001        332.27299737012021     
  0.44800000000000001        332.18543246943017     
  0.44900000000000001        331.52254098251450     
  0.45000000000000001        331.43626029295444     
  0.45100000000000001        330.77208459490873     
  0.45200000000000001        330.68708811647866     
  0.45300000000000001        330.02162820730297     
  0.45400000000000001        329.93791594000288     
  0.45500000000000002        329.27117181969720     
  0.45600000000000002        329.18874376352716     
  0.45700000000000002        328.52071543209144     
  0.45800000000000002        328.43957158705138     
  0.45900000000000002        327.77025904448567     
  0.46000000000000002        327.69039941057559     
  0.46100000000000002        327.01980265687990     
  0.46200000000000002        326.94122723409981     
  0.46300000000000002        326.26934626927408     
  0.46400000000000002        326.19205505762403     
  0.46500000000000002        325.51888988166826     
  0.46600000000000003        325.44288288114831     
  0.46700000000000003        324.76843349406249     
  0.46800000000000003        324.69371070467253     
  0.46900000000000003        324.01797710645673     
  0.47000000000000003        323.94453852819674     
  0.47100000000000003        323.26752071885096     
  0.47200000000000003        323.19536635172102     
  0.47300000000000003        322.51706433124525     
  0.47400000000000003        322.44619417524530     
  0.47500000000000003        321.76660794363949     
  0.47600000000000003        321.69702199876951     
  0.47700000000000004        321.01615155603372     
  0.47800000000000004        320.94784982229373     
  0.47900000000000004        320.26569516842795     
  0.47999999999999998        320.19867764581795     
  0.48099999999999998        319.51523878082224     
  0.48199999999999998        319.44950546934223     
  0.48299999999999998        318.76478239321648     
  0.48399999999999999        318.70033329286645     
  0.48499999999999999        318.01432600561077     
  0.48599999999999999        317.95116111639072     
  0.48699999999999999        317.26386961800500     
  0.48799999999999999        317.20198893991494     
  0.48899999999999999        316.51341323039929     
  0.48999999999999999        316.45281676343916     
  0.49099999999999999        315.76295684279353     
  0.49199999999999999        315.70364458696338     
  0.49299999999999999        315.01250045518776     
  0.49399999999999999        314.95447241048760     
  0.49500000000000000        314.26204406758200     
  0.49600000000000000        314.20530023401182     
  0.49700000000000000        313.51158767997617     
  0.49800000000000000        313.45612805753609     
  0.49900000000000000        312.76113129237041     
  0.50000000000000000        312.70695588106031     
  0.50100000000000000        312.70268676720093     
  0.50200000000000000        312.64861136851107     
  0.50300000000000000        312.64424224203145     
  0.50400000000000000        312.59026685596183     
  0.50500000000000000        312.58579771686198     
  0.50600000000000001        312.53192234341259     
  0.50700000000000001        312.52735319169250     
  0.50800000000000001        312.47357783086335     
  0.50900000000000001        312.46890866652296     
  0.51000000000000001        312.41523331831411     
  0.51100000000000001        312.41046414135349     
  0.51200000000000001        312.35688880576487     
  0.51300000000000001        312.35201961618401     
  0.51400000000000001        312.29854429321563     
  0.51500000000000001        312.29357509101453     
  0.51600000000000001        312.24019978066639     
  0.51700000000000002        312.23513056584511     
  0.51800000000000002        312.18185526811715     
  0.51900000000000002        312.17668604067569     
  0.52000000000000002        312.12351075556791     
  0.52100000000000002        312.11824151550627     
  0.52200000000000002        312.06516624301867     
  0.52300000000000002        312.05979699033685     
  0.52400000000000002        312.00682173046937     
  0.52500000000000002        312.00135246516737     
  0.52600000000000002        311.94847721792013     
  0.52700000000000002        311.94290793999789     
  0.52800000000000002        311.89013270537089     
  0.52900000000000003        311.88446341482847     
  0.53000000000000003        311.83178819282165     
  0.53100000000000003        311.82601888965905     
  0.53200000000000003        311.77344368027235     
  0.53300000000000003        311.76757436448963     
  0.53400000000000003        311.71509916772311     
  0.53500000000000003        311.70912983932021     
  0.53600000000000003        311.65675465517381     
  0.53700000000000003        311.65068531415079     
  0.53800000000000003        311.59841014262452     
  0.53900000000000003        311.59224078898143     
  0.54000000000000004        311.54006563007516     
  0.54100000000000004        311.53379626381201     
  0.54200000000000004        311.48172111752581     
  0.54300000000000004        311.47535173864264     
  0.54400000000000004        311.42337660497651     
  0.54500000000000004        311.41690721347322     
  0.54600000000000004        311.36503209242721     
  0.54700000000000004        311.35846268830386     
  0.54800000000000004        311.30668757987792     
  0.54900000000000004        311.30001816313444     
  0.55000000000000004        311.24834306732862     
  0.55100000000000005        311.24157363796502     
  0.55200000000000005        311.18999855477932     
  0.55300000000000005        311.18312911279560     
  0.55400000000000005        311.13165404223002     
  0.55500000000000005        311.12468458762623     
  0.55600000000000005        311.07330952968067     
  0.55700000000000005        311.06624006245681     
  0.55800000000000005        311.01496501713132     
  0.55900000000000005        311.00779553728745     
  0.56000000000000005        310.95662050458196     
  0.56100000000000005        310.94935101211809     
  0.56200000000000006        310.89827599203255     
  0.56300000000000006        310.89090648694872     
  0.56400000000000006        310.83993147948314     
  0.56500000000000006        310.83246196177936     
  0.56600000000000006        310.78158696693373     
  0.56700000000000006        310.77401743661000     
  0.56800000000000006        310.72324245438438     
  0.56900000000000006        310.71557291144069     
  0.57000000000000006        310.66489794183497     
  0.57100000000000006        310.65712838627138     
  0.57200000000000006        310.60655342928561     
  0.57300000000000006        310.59868386110202     
  0.57400000000000007        310.54820891673626     
  0.57500000000000007        310.54023933593271     
  0.57600000000000007        310.48986440418690     
  0.57699999999999996        310.48179481076340     
  0.57799999999999996        310.43151989163761     
  0.57899999999999996        310.42335028559410     
  0.57999999999999996        310.37317537908820     
  0.58099999999999996        310.36490576042479     
  0.58199999999999996        310.31483086653878     
  0.58299999999999996        310.30646123525548     
  0.58399999999999996        310.25648635398943     
  0.58499999999999996        310.24801671008618     
  0.58599999999999997        310.19814184144002     
  0.58699999999999997        310.18957218491687     
  0.58799999999999997        310.13979732889061     
  0.58899999999999997        310.13112765974751     
  0.58999999999999997        310.08145281634120     
  0.59099999999999997        310.07268313457814     
  0.59199999999999997        310.02310830379179     
  0.59299999999999997        310.01423860940878     
  0.59399999999999997        309.96476379124238     
  0.59499999999999997        309.95579408423941     
  0.59599999999999997        309.90641927869297     
  0.59699999999999998        309.89734955907011     
  0.59799999999999998        309.84807476614355     
  0.59899999999999998        309.83890503390080     
  0.59999999999999998        309.78973025359420     
  0.60099999999999998        309.78046050873144     
  0.60199999999999998        309.73138574104485     
  0.60299999999999998        309.72201598356207     
  0.60399999999999998        309.67304122849549     
  0.60499999999999998        309.66357145839271     
  0.60599999999999998        309.61469671594614     
  0.60699999999999998        309.60512693322329     
  0.60799999999999998        309.55635220339678     
  0.60899999999999999        309.54668240805393     
  0.60999999999999999        309.49800769084737     
  0.61099999999999999        309.48823788288450     
  0.61199999999999999        309.43966317829802     
  0.61299999999999999        309.42979335771514     
  0.61399999999999999        309.38131866574867     
  0.61499999999999999        309.37134883254578     
  0.61599999999999999        309.32297415319931     
  0.61699999999999999        309.31290430737641     
  0.61799999999999999        309.26462964064996     
  0.61899999999999999        309.25445978220699     
  0.62000000000000000        309.20628512810060     
  0.62100000000000000        309.19601525703757     
  0.62200000000000000        309.14794061555125     
  0.62300000000000000        309.13757073186815     
  0.62400000000000000        309.08959610300195     
  0.62500000000000000        309.07912620669873     
  0.62600000000000000        309.03125159045260     
  0.62700000000000000        309.02068168152925     
  0.62800000000000000        308.97290707790324     
  0.62900000000000000        308.96223715635983     
  0.63000000000000000        308.91456256535389     
  0.63100000000000001        308.90379263119036     
  0.63200000000000001        308.85621805280454     
  0.63300000000000001        308.84534810602094     
  0.63400000000000001        308.79787354025524     
  0.63500000000000001        308.78690358085152     
  0.63600000000000001        308.73952902770588     
  0.63700000000000001        308.72845905568209     
  0.63800000000000001        308.68118451515659     
  0.63900000000000001        308.67001453051267     
  0.64000000000000001        308.62284000260735     
  0.64100000000000001        308.61157000534325     
  0.64200000000000002        308.56449549005805     
  0.64300000000000002        308.55312548017383     
  0.64400000000000002        308.50615097750881     
  0.64500000000000002        308.49468095500441     
  0.64600000000000002        308.44780646495951     
  0.64700000000000002        308.43623642983499     
  0.64800000000000002        308.38946195241022     
  0.64900000000000002        308.37779190466557     
  0.65000000000000002        308.33111743986092     
  0.65100000000000002        308.31934737949621     
  0.65200000000000002        308.27277292731162     
  0.65300000000000002        308.26090285432684     
  0.65400000000000003        308.21442841476232     
  0.65500000000000003        308.20245832915742     
  0.65600000000000003        308.15608390221303     
  0.65700000000000003        308.14401380398800     
  0.65800000000000003        308.09773938966373     
  0.65900000000000003        308.08556927881858     
  0.66000000000000003        308.03939487711443     
  0.66100000000000003        308.02712475364916     
  0.66200000000000003        307.98105036456514     
  0.66300000000000003        307.96868022847968     
  0.66400000000000003        307.92270585201584     
  0.66500000000000004        307.91023570331021     
  0.66600000000000004        307.86436133946654     
  0.66700000000000004        307.85179117814073     
  0.66800000000000004        307.80601682691724     
  0.66900000000000004        307.79334665297125     
  0.67000000000000004        307.74767231436795     
  0.67100000000000004        307.73490212780177     
  0.67200000000000004        307.68932780181865     
  0.67300000000000004        307.67645760263230     
  0.67400000000000004        307.63098328926935     
  0.67500000000000004        307.61801307746282     
  0.67600000000000005        307.57263877672005     
  0.67700000000000005        307.55956855229334     
  0.67800000000000005        307.51429426417070     
  0.67900000000000005        307.50112402712386     
  0.68000000000000005        307.45594975162135     
  0.68100000000000005        307.44267950195439     
  0.68200000000000005        307.39760523907199     
  0.68300000000000005        307.38423497678497     
  0.68400000000000005        307.33926072652264     
  0.68500000000000005        307.32579045161549     
  0.68600000000000005        307.28091621397328     
  0.68700000000000006        307.26734592644607     
  0.68800000000000006        307.22257170142399     
  0.68900000000000006        307.20890140127659     
  0.69000000000000006        307.16422718887469     
  0.69100000000000006        307.15045687610717     
  0.69200000000000006        307.10588267632534     
  0.69300000000000006        307.09201235093769     
  0.69400000000000006        307.04753816377598     
  0.69500000000000006        307.03356782576827     
  0.69600000000000006        306.98919365122663     
  0.69700000000000006        306.97512330059880     
  0.69800000000000006        306.93084913867727     
  0.69900000000000007        306.91667877542938     
  0.70000000000000007        306.87250462612792     
  0.70100000000000007        306.85823425025990     
  0.70200000000000007        306.81416011357862     
  0.70300000000000007        306.79978972509042     
  0.70399999999999996        306.75581560102927     
  0.70499999999999996        306.74134519992100     
  0.70599999999999996        306.69747108847997     
  0.70699999999999996        306.68290067475152     
  0.70799999999999996        306.63912657593067     
  0.70899999999999996        306.62445614958210     
  0.70999999999999996        306.58078206338138     
  0.71099999999999997        306.56601162441268     
  0.71199999999999997        306.52243755083208     
  0.71299999999999997        306.50756709924326     
  0.71399999999999997        306.46409303828273     
  0.71499999999999997        306.44912257407378     
  0.71599999999999997        306.40574852573337     
  0.71699999999999997        306.39067804890436     
  0.71799999999999997        306.34740401318408     
  0.71899999999999997        306.33223352373494     
  0.71999999999999997        306.28905950063478     
  0.72099999999999997        306.27378899856552     
  0.72199999999999998        306.23071498808548     
  0.72299999999999998        306.21534447339610     
  0.72399999999999998        306.17237047553618     
  0.72499999999999998        306.15689994822668     
  0.72599999999999998        306.11402596298689     
  0.72699999999999998        306.09845542305720     
  0.72799999999999998        306.05568145043759     
  0.72899999999999998        306.04001089788778     
  0.72999999999999998        305.99733693788829     
  0.73099999999999998        305.98156637271836     
  0.73199999999999998        305.93899242533899     
  0.73299999999999998        305.92312184754894     
  0.73399999999999999        305.88064791278970     
  0.73499999999999999        305.86467732237952     
  0.73599999999999999        305.82230340024040     
  0.73699999999999999        305.80623279721010     
  0.73799999999999999        305.76395888769110     
  0.73899999999999999        305.74778827204068     
  0.73999999999999999        305.70561437514181     
  0.74099999999999999        305.68934374687120     
  0.74199999999999999        305.64726986259245     
  0.74299999999999999        305.63089922170178     
  0.74399999999999999        305.58892535004316     
  0.74500000000000000        305.57245469653230     
  0.74600000000000000        305.53058083749380     
  0.74700000000000000        305.51401017136288     
  0.74800000000000000        305.47223632494445     
  0.74900000000000000        305.45556564619346     
  0.75000000000000000        305.41389181239509     
  0.75100000000000000        305.39712112102404     
  0.75200000000000000        305.35554729984574     
  0.75300000000000000        305.33867659585462     
  0.75400000000000000        305.29720278729638     
  0.75500000000000000        305.28023207068520     
  0.75600000000000001        305.23885827474703     
  0.75700000000000001        305.22178754551578     
  0.75800000000000001        305.18051376219768     
  0.75900000000000001        305.16334302034636     
  0.76000000000000001        305.12216924964827     
  0.76100000000000001        305.10489849517694     
  0.76200000000000001        305.06382473709891     
  0.76300000000000001        305.04645397000752     
  0.76400000000000001        305.00548022454956     
  0.76500000000000001        304.98800944483810     
  0.76600000000000001        304.94713571200020     
  0.76700000000000002        304.92956491966868     
  0.76800000000000002        304.88879119945079     
  0.76900000000000002        304.87112039449926     
  0.77000000000000002        304.83044668690144     
  0.77100000000000002        304.81267586932984     
  0.77200000000000002        304.77210217435209     
  0.77300000000000002        304.75423134416042     
  0.77400000000000002        304.71375766180273     
  0.77500000000000002        304.69578681899094     
  0.77600000000000002        304.65541314925332     
  0.77700000000000002        304.63734229382146     
  0.77800000000000002        304.59706863670391     
  0.77900000000000003        304.57889776865198     
  0.78000000000000003        304.53872412415450     
  0.78100000000000003        304.52045324348251     
  0.78200000000000003        304.48037961160514     
  0.78300000000000003        304.46200871831303     
  0.78400000000000003        304.42203509905573     
  0.78500000000000003        304.40356419314355     
  0.78600000000000003        304.36369058650638     
  0.78700000000000003        304.34511966797407     
  0.78800000000000003        304.30534607395697     
  0.78900000000000003        304.28667514280454     
  0.79000000000000004        304.24700156140756     
  0.79100000000000004        304.22823061763501     
  0.79200000000000004        304.18865704885820     
  0.79300000000000004        304.16978609246547     
  0.79400000000000004        304.13031253630885     
  0.79500000000000004        304.11134156729594     
  0.79600000000000004        304.07196802375950     
  0.79700000000000004        304.05289704212640     
  0.79800000000000004        304.01362351121014     
  0.79900000000000004        303.99445251695681     
  0.80000000000000004        303.95527899866079     
  0.80100000000000005        303.93600799178722     
  0.80200000000000005        303.89693448611138     
  0.80300000000000005        303.87756346661763     
  0.80400000000000005        303.83858997356197     
  0.80500000000000005        303.81911894144804     
  0.80600000000000005        303.78024546101261     
  0.80700000000000005        303.76067441627850     
  0.80800000000000005        303.72190094846326     
  0.80900000000000005        303.70222989110891     
  0.81000000000000005        303.66355643591390     
  0.81100000000000005        303.64378536593932     
  0.81200000000000006        303.60521192336455     
  0.81300000000000006        303.58534084076973     
  0.81400000000000006        303.54686741081525     
  0.81500000000000006        303.52689631560014     
  0.81600000000000006        303.48852289826596     
  0.81700000000000006        303.46845179043055     
  0.81800000000000006        303.43017838571666     
  0.81900000000000006        303.41000726526096     
  0.82000000000000006        303.37183387316730     
  0.82100000000000006        303.35156274009137     
  0.82200000000000006        303.31348936061801     
  0.82300000000000006        303.29311821492178     
  0.82400000000000007        303.25514484806871     
  0.82500000000000007        303.23467368975219     
  0.82600000000000007        303.19680033551941     
  0.82700000000000007        303.17622916458259     
  0.82800000000000007        303.13845582297012     
  0.82900000000000007        303.11778463941306     
  0.83000000000000007        303.08011131042070     
  0.83100000000000007        303.05934011424353     
  0.83200000000000007        303.02176679787135     
  0.83299999999999996        303.00089558907399     
  0.83399999999999996        302.96342228532200     
  0.83499999999999996        302.94245106390440     
  0.83599999999999997        302.90507777277264     
  0.83699999999999997        302.88400653873487     
  0.83799999999999997        302.84673326022329     
  0.83899999999999997        302.82556201356533     
  0.83999999999999997        302.78838874767393     
  0.84099999999999997        302.76711748839580     
  0.84199999999999997        302.73004423512464     
  0.84299999999999997        302.70867296322632     
  0.84399999999999997        302.67169972257528     
  0.84499999999999997        302.65022843805684     
  0.84599999999999997        302.61335521002593     
  0.84699999999999998        302.59178391288737     
  0.84799999999999998        302.55501069747663     
  0.84899999999999998        302.53333938771783     
  0.84999999999999998        302.49666618492734     
  0.85099999999999998        302.47489486254830     
  0.85199999999999998        302.43832167237804     
  0.85299999999999998        302.41645033737876     
  0.85399999999999998        302.37997715982868     
  0.85499999999999998        302.35800581220923     
  0.85599999999999998        302.32163264727939     
  0.85699999999999998        302.29956128703969     
  0.85799999999999998        302.26328813473009     
  0.85899999999999999        302.24111676187010     
  0.85999999999999999        302.20494362218079     
  0.86099999999999999        302.18267223670057     
  0.86199999999999999        302.14659910963144     
  0.86299999999999999        302.12422771153103     
  0.86399999999999999        302.08825459708208     
  0.86499999999999999        302.06578318636156     
  0.86599999999999999        302.02991008453279     
  0.86699999999999999        302.00733866119208     
  0.86799999999999999        301.97156557198349     
  0.86899999999999999        301.94889413602255     
  0.87000000000000000        301.91322105943414     
  0.87100000000000000        301.89044961085301     
  0.87200000000000000        301.85487654688478     
  0.87300000000000000        301.83200508568342     
  0.87400000000000000        301.79653203433543     
  0.87500000000000000        301.77356056051389     
  0.87600000000000000        301.73818752178607     
  0.87700000000000000        301.71511603534435     
  0.87800000000000000        301.67984300923666     
  0.87900000000000000        301.65667151017482     
  0.88000000000000000        301.62149849668725     
  0.88100000000000001        301.59822698500528     
  0.88200000000000001        301.56315398413790     
  0.88300000000000001        301.53978245983575     
  0.88400000000000001        301.50480947158854     
  0.88500000000000001        301.48133793466621     
  0.88600000000000001        301.44646495903913     
  0.88700000000000001        301.42289340949668     
  0.88800000000000001        301.38812044648967     
  0.88900000000000001        301.36444888432715     
  0.89000000000000001        301.32977593394025     
  0.89100000000000001        301.30600435915761     
  0.89200000000000002        301.27143142139079     
  0.89300000000000002        301.24755983398802     
  0.89400000000000002        301.21308690884132     
  0.89500000000000002        301.18911530881849     
  0.89600000000000002        301.15474239629185     
  0.89700000000000002        301.13067078364895     
  0.89800000000000002        301.09639788374238     
  0.89900000000000002        301.07222625847942     
  0.90000000000000002        301.03805337119286     
  0.90100000000000002        301.01378173330988     
  0.90200000000000002        300.97970885864339     
  0.90300000000000002        300.95533720814029     
  0.90400000000000003        300.92136434609392     
  0.90500000000000003        300.89689268297076     
  0.90600000000000003        300.86301983354446     
  0.90700000000000003        300.83844815780117     
  0.90800000000000003        300.80467532099505     
  0.90900000000000003        300.78000363263158     
  0.91000000000000003        300.74633080844563     
  0.91100000000000003        300.72155910746199     
  0.91200000000000003        300.68798629589622     
  0.91300000000000003        300.66311458229239     
  0.91400000000000003        300.62964178334681     
  0.91500000000000004        300.60467005712275     
  0.91600000000000004        300.57129727079734     
  0.91700000000000004        300.54622553195310     
  0.91800000000000004        300.51295275824788     
  0.91900000000000004        300.48778100678351     
  0.92000000000000004        300.45460824569841     
  0.92100000000000004        300.42933648161392     
  0.92200000000000004        300.39626373314900     
  0.92300000000000004        300.37089195644432     
  0.92400000000000004        300.33791922059953     
  0.92500000000000004        300.31244743127473     
  0.92600000000000005        300.27957470805012     
  0.92700000000000005        300.25400290610514     
  0.92800000000000005        300.22123019550071     
  0.92900000000000005        300.19555838093549     
  0.93000000000000005        300.16288568295130     
  0.93100000000000005        300.13711385576585     
  0.93200000000000005        300.10454117040189     
  0.93300000000000005        300.07866933059614     
  0.93400000000000005        300.04619665785253     
  0.93500000000000005        300.02022480542644     
  0.93600000000000005        299.98785214530318     
  0.93700000000000006        299.96178028025679     
  0.93800000000000006        299.92950763275383     
  0.93900000000000006        299.90333575508714     
  0.94000000000000006        299.87116312020447     
  0.94100000000000006        299.84489122991749     
  0.94200000000000006        299.81281860765512     
  0.94300000000000006        299.78644670474790     
  0.94400000000000006        299.75447409510582     
  0.94500000000000006        299.72800217957831     
  0.94600000000000006        299.69612958255652     
  0.94700000000000006        299.66955765440872     
  0.94800000000000006        299.63778507000723     
  0.94900000000000007        299.61111312923913     
  0.95000000000000007        299.57944055745787     
  0.95100000000000007        299.55266860406954     
  0.95200000000000007        299.52109604490857     
  0.95300000000000007        299.49422407889995     
  0.95400000000000007        299.46275153235922     
  0.95500000000000007        299.43577955373036     
  0.95600000000000007        299.40440701980992     
  0.95700000000000007        299.37733502856076     
  0.95800000000000007        299.34606250726063     
  0.95900000000000007        299.31889050339117     
  0.95999999999999996        299.28771799471133     
  0.96099999999999997        299.26044597822158     
  0.96199999999999997        299.22937348216203     
  0.96299999999999997        299.20200145305199     
  0.96399999999999997        299.17102896961273     
  0.96499999999999997        299.14355692788240     
  0.96599999999999997        299.11268445706344     
  0.96699999999999997        299.08511240271287     
  0.96799999999999997        299.05433994451414     
  0.96899999999999997        299.02666787754328     
  0.96999999999999997        298.99599543196484     
  0.97099999999999997        298.96822335237368     
  0.97199999999999998        298.93765091941555     
  0.97299999999999998        298.90977882720409     
  0.97399999999999998        298.87930640686625     
  0.97499999999999998        298.85133430203450     
  0.97599999999999998        298.82096189431695     
  0.97699999999999998        298.79288977686497     
  0.97799999999999998        298.76261738176765     
  0.97899999999999998        298.73444525169543     
  0.97999999999999998        298.70427286921841     
  0.98099999999999998        298.67600072652590     
  0.98199999999999998        298.64592835666912     
  0.98299999999999998        298.61755620135631     
  0.98399999999999999        298.58758384411988     
  0.98499999999999999        298.55911167618672     
  0.98599999999999999        298.52923933157058     
  0.98699999999999999        298.50066715101718     
  0.98799999999999999        298.47089481902128     
  0.98899999999999999        298.44222262584765     
  0.98999999999999999        298.41255030647199     
  0.99099999999999999        298.38377810067811     
  0.99199999999999999        298.35420579392263     
  0.99299999999999999        298.32533357550858     
  0.99399999999999999        298.29586128137333     
  0.99500000000000000        298.26688905033905     
  0.99600000000000000        298.23751676882398     
  0.99700000000000000        298.20844452516951     
  0.99800000000000000        298.17917225627463     
  0.99900000000000000        298.14999999999998     
