   0.0000000000000000        500.00000000000000     
   2.8571428571428571E-003   498.92946669977727     
   5.7142857142857143E-003   497.84841090176610     
   8.5714285714285719E-003   496.78840009933168     
   1.1428571428571429E-002   495.69682180353232     
   1.4285714285714285E-002   494.64733349888621     
   1.7142857142857144E-002   493.54523270529847     
   2.0000000000000000E-002   492.50626689844069     
   2.2857142857142857E-002   491.39364360706458     
   2.5714285714285714E-002   490.36520029799516     
   2.8571428571428571E-002   489.24205450883079     
   3.1428571428571431E-002   488.22413369754952     
   3.4285714285714287E-002   487.09046541059701     
   3.7142857142857144E-002   486.08306709710388     
   4.0000000000000001E-002   484.93887631236316     
   4.2857142857142858E-002   483.94200049665824     
   4.5714285714285714E-002   482.78728721412926     
   4.8571428571428571E-002   481.80093389621265     
   5.1428571428571428E-002   480.63569811589542     
   5.4285714285714284E-002   479.65986729576713     
   5.7142857142857141E-002   478.48410901766158     
   5.9999999999999998E-002   477.51880069532149     
   6.2857142857142861E-002   476.33251991942774     
   6.5714285714285711E-002   475.37773409487585     
   6.8571428571428575E-002   474.18093082119401     
   7.1428571428571425E-002   473.23666749443015     
   7.4285714285714288E-002   472.02934172296034     
   7.7142857142857138E-002   471.09560089398457     
   8.0000000000000002E-002   469.87775262472672     
   8.2857142857142851E-002   468.95453429353898     
   8.5714285714285715E-002   467.72616352649311     
   8.8571428571428565E-002   466.81346769309346     
   9.1428571428571428E-002   465.57457442825955     
   9.4285714285714292E-002   464.67240109264793     
   9.7142857142857142E-002   463.42298533002605     
  0.10000000000000001        462.53133449220246     
  0.10285714285714286        461.27139623179255     
  0.10571428571428572        460.39026789175688     
  0.10857142857142857        459.11980713355905     
  0.11142857142857143        458.24920129131135     
  0.11428571428571428        456.96821803532555     
  0.11714285714285715        456.10813469086582     
  0.12000000000000000        454.81662893709205     
  0.12285714285714286        453.96706809042030     
  0.12571428571428572        452.66503983885855     
  0.12857142857142856        451.82600148997477     
  0.13142857142857142        450.51345074062505     
  0.13428571428571429        449.68493488952919     
  0.13714285714285715        448.36186164239155     
  0.14000000000000001        447.54386828908366     
  0.14285714285714285        446.21027254415810     
  0.14571428571428571        445.40280168863808     
  0.14857142857142858        444.05868344592454     
  0.15142857142857144        443.26173508819255     
  0.15428571428571428        441.90709434769099     
  0.15714285714285714        441.12066848774697     
  0.16000000000000000        439.75550524945749     
  0.16285714285714287        438.97960188730144     
  0.16571428571428570        437.60391615122404     
  0.16857142857142857        436.83853528685586     
  0.17142857142857143        435.45232705299054     
  0.17428571428571429        434.69746868641033     
  0.17714285714285713        433.30073795475710     
  0.17999999999999999        432.55640208596481     
  0.18285714285714286        431.14914885652365     
  0.18571428571428572        430.41533548551928     
  0.18857142857142858        428.99755975829021     
  0.19142857142857142        428.27426888507375     
  0.19428571428571428        426.84597066005676     
  0.19714285714285715        426.13320228462828     
  0.20000000000000001        424.69438156182332     
  0.20285714285714285        423.99213568418276     
  0.20571428571428571        422.54279246358988     
  0.20857142857142857        421.85106908373717     
  0.21142857142857144        420.39120336535643     
  0.21428571428571427        419.71000248329165     
  0.21714285714285714        418.23961426712299     
  0.22000000000000000        417.56893588284606     
  0.22285714285714286        416.08802516888954     
  0.22571428571428570        415.42786928240048     
  0.22857142857142856        413.93643607065610     
  0.23142857142857143        413.28680268195484     
  0.23428571428571429        411.78484697242266     
  0.23714285714285716        411.14573608150920     
  0.23999999999999999        409.63325787418927     
  0.24285714285714285        409.00466948106356     
  0.24571428571428572        407.48166877595582     
  0.24857142857142858        406.86360288061798     
  0.25142857142857145        405.33007967772244     
  0.25428571428571428        404.72253628017239     
  0.25714285714285712        403.17849057948899     
  0.26000000000000001        402.58146967972681     
  0.26285714285714284        401.02690148125561     
  0.26571428571428574        400.44040307928123     
  0.26857142857142857        398.87531238302216     
  0.27142857142857141        398.29933647883558     
  0.27428571428571430        396.72372328478866     
  0.27714285714285714        396.15826987839000     
  0.28000000000000003        394.57213418655522     
  0.28285714285714286        394.01720327794447     
  0.28571428571428570        392.42054508832172     
  0.28857142857142859        391.87613667749889     
  0.29142857142857143        390.26895599008822     
  0.29428571428571426        389.73507007705331     
  0.29714285714285715        388.11736689185477     
  0.29999999999999999        387.59400347660772     
  0.30285714285714288        385.96577779362127     
  0.30571428571428572        385.45293687616220     
  0.30857142857142855        383.81418869538777     
  0.31142857142857144        383.31187027571661     
  0.31428571428571428        381.66259959715427     
  0.31714285714285712        381.17080367527109     
  0.32000000000000001        379.51101049892071     
  0.32285714285714284        379.02973707482556     
  0.32571428571428573        377.35942140068715     
  0.32857142857142857        376.88867047438004     
  0.33142857142857141        375.20783230245354     
  0.33428571428571430        374.74760387393451     
  0.33714285714285713        373.05624320421992     
  0.34000000000000002        372.60653727348904     
  0.34285714285714286        370.90465410598637     
  0.34571428571428570        370.46547067304357     
  0.34857142857142859        368.75306500775275     
  0.35142857142857142        368.32440407259810     
  0.35428571428571426        366.60147590951919     
  0.35714285714285715        366.18333747215263     
  0.35999999999999999        364.44988681128564     
  0.36285714285714288        364.04227087170716     
  0.36571428571428571        362.29829771305208     
  0.36857142857142855        361.90120427126158     
  0.37142857142857144        360.14670861481858     
  0.37428571428571428        359.76013767081605     
  0.37714285714285717        357.99511951658502     
  0.38000000000000000        357.61907107037058     
  0.38285714285714284        355.84353041835146     
  0.38571428571428573        355.47800446992505     
  0.38857142857142857        353.69194132011791     
  0.39142857142857140        353.33693786947953     
  0.39428571428571429        351.54035222188429     
  0.39714285714285713        351.19587126903400     
  0.40000000000000002        349.38876312365073     
  0.40285714285714286        349.05480466858853     
  0.40571428571428569        347.23717402541718     
  0.40857142857142859        346.91373806814306     
  0.41142857142857142        345.08558492718362     
  0.41428571428571431        344.77267146769759     
  0.41714285714285715        342.93399582895006     
  0.41999999999999998        342.63160486725212     
  0.42285714285714288        340.78240673071645     
  0.42571428571428571        340.49053826680665     
  0.42857142857142855        338.63081763248289     
  0.43142857142857144        338.34947166636118     
  0.43428571428571427        336.47922853424927     
  0.43714285714285717        336.20840506591571     
  0.44000000000000000        334.32763943601566     
  0.44285714285714284        334.06733846547019     
  0.44571428571428573        332.17605033778204     
  0.44857142857142857        331.92627186502472     
  0.45142857142857140        330.02446123954849     
  0.45428571428571429        329.78520526457919     
  0.45714285714285713        327.87287214131487     
  0.46000000000000002        327.64413866413372     
  0.46285714285714286        325.72128304308126     
  0.46571428571428569        325.50307206368819     
  0.46857142857142858        323.56969394484770     
  0.47142857142857142        323.36200546324267     
  0.47428571428571431        321.41810484661409     
  0.47714285714285715        321.22093886279714     
  0.47999999999999998        319.26651574838047     
  0.48285714285714287        319.07987226235161     
  0.48571428571428571        317.11492665014691     
  0.48857142857142855        316.93880566190609     
  0.49142857142857144        314.96333755191330     
  0.49428571428571427        314.79773906146056     
  0.49714285714285716        312.81174845367974     
  0.50000000000000000        312.65667246101509     
  0.50285714285714289        312.64418561420911     
  0.50571428571428567        312.48992909939415     
  0.50857142857142856        312.47662277473842     
  0.51142857142857145        312.32318573777326     
  0.51428571428571423        312.30905993526773     
  0.51714285714285713        312.15644237615231     
  0.52000000000000002        312.14149709579698     
  0.52285714285714291        311.98969901453142     
  0.52571428571428569        311.97393425632629     
  0.52857142857142858        311.82295565291054     
  0.53142857142857147        311.80637141685554     
  0.53428571428571425        311.65621229128971     
  0.53714285714285714        311.63880857738479     
  0.54000000000000004        311.48946892966887     
  0.54285714285714282        311.47124573791410     
  0.54571428571428571        311.32272556804804     
  0.54857142857142860        311.30368289844341     
  0.55142857142857138        311.15598220642715     
  0.55428571428571427        311.13612005897272     
  0.55714285714285716        310.98923884480632     
  0.56000000000000005        310.96855721950209     
  0.56285714285714283        310.82249548318549     
  0.56571428571428573        310.80099438003140     
  0.56857142857142862        310.65575212156466     
  0.57142857142857140        310.63343154056076     
  0.57428571428571429        310.48900875994377     
  0.57714285714285718        310.46586870109013     
  0.57999999999999996        310.32226539832288     
  0.58285714285714285        310.29830586161950     
  0.58571428571428574        310.15552203670205     
  0.58857142857142852        310.13074302214886     
  0.59142857142857141        309.98877867508116     
  0.59428571428571431        309.96318018267823     
  0.59714285714285720        309.82203531346033     
  0.59999999999999998        309.79561734320760     
  0.60285714285714287        309.65529195183950     
  0.60571428571428576        309.62805450373691     
  0.60857142857142854        309.48854859021861     
  0.61142857142857143        309.46049166426627     
  0.61428571428571432        309.32180522859778     
  0.61714285714285710        309.29292882479569     
  0.62000000000000000        309.15506186697695     
  0.62285714285714289        309.12536598532506     
  0.62571428571428567        308.98831850535612     
  0.62857142857142856        308.95780314585448     
  0.63142857142857145        308.82157514373523     
  0.63428571428571423        308.79024030638385     
  0.63714285714285712        308.65483178211434     
  0.64000000000000001        308.62267746691327     
  0.64285714285714290        308.48808842049345     
  0.64571428571428569        308.45511462744270     
  0.64857142857142858        308.32134505887257     
  0.65142857142857147        308.28755178797212     
  0.65428571428571425        308.15460169725168     
  0.65714285714285714        308.11998894850154     
  0.66000000000000003        307.98785833563079     
  0.66285714285714281        307.95242610903097     
  0.66571428571428570        307.82111497400996     
  0.66857142857142859        307.78486326956039     
  0.67142857142857137        307.65437161238913     
  0.67428571428571427        307.61730043008981     
  0.67714285714285716        307.48762825076824     
  0.68000000000000005        307.44973759061924     
  0.68285714285714283        307.32088488914735     
  0.68571428571428572        307.28217475114866     
  0.68857142857142861        307.15414152752646     
  0.69142857142857139        307.11461191167808     
  0.69428571428571428        306.98739816590563     
  0.69714285714285718        306.94704907220751     
  0.69999999999999996        306.82065480428474     
  0.70285714285714285        306.77948623273687     
  0.70571428571428574        306.65391144266385     
  0.70857142857142852        306.61192339326630     
  0.71142857142857141        306.48716808104302     
  0.71428571428571430        306.44436055379566     
  0.71714285714285719        306.32042471942214     
  0.71999999999999997        306.27679771432508     
  0.72285714285714286        306.15368135780130     
  0.72571428571428576        306.10923487485451     
  0.72857142857142854        305.98693799618047     
  0.73142857142857143        305.94167203538393     
  0.73428571428571432        305.82019463455964     
  0.73714285714285710        305.77410919591335     
  0.73999999999999999        305.65345127293875     
  0.74285714285714288        305.60654635644278     
  0.74571428571428566        305.48670791131786     
  0.74857142857142855        305.43898351697220     
  0.75142857142857145        305.31996454969692     
  0.75428571428571434        305.27142067750151     
  0.75714285714285712        305.15322118807603     
  0.76000000000000001        305.10385783803088     
  0.76285714285714290        304.98647782645514     
  0.76571428571428568        304.93629499856030     
  0.76857142857142857        304.81973446483426     
  0.77142857142857146        304.76873215908967     
  0.77428571428571424        304.65299110321342     
  0.77714285714285714        304.60116931961903     
  0.78000000000000003        304.48624774159254     
  0.78285714285714281        304.43360648014840     
  0.78571428571428570        304.31950437997165     
  0.78857142857142859        304.26604364067782     
  0.79142857142857148        304.15276101835082     
  0.79428571428571426        304.09848080120719     
  0.79714285714285715        303.98601765672998     
  0.80000000000000004        303.93091796173655     
  0.80285714285714282        303.81927429510915     
  0.80571428571428572        303.76335512226592     
  0.80857142857142861        303.65253093348832     
  0.81142857142857139        303.59579228279529     
  0.81428571428571428        303.48578757186743     
  0.81714285714285717        303.42822944332471     
  0.81999999999999995        303.31904421024660     
  0.82285714285714284        303.26066660385413     
  0.82571428571428573        303.15230084862571     
  0.82857142857142863        303.09310376438356     
  0.83142857142857141        302.98555748700488     
  0.83428571428571430        302.92554092491292     
  0.83714285714285719        302.81881412538399     
  0.83999999999999997        302.75797808544235     
  0.84285714285714286        302.65207076376311     
  0.84571428571428575        302.59041524597177     
  0.84857142857142853        302.48532740214227     
  0.85142857142857142        302.42285240650119     
  0.85428571428571431        302.31858404052144     
  0.85714285714285710        302.25528956703056     
  0.85999999999999999        302.15184067890056     
  0.86285714285714288        302.08772672755998     
  0.86571428571428566        301.98509731727967     
  0.86857142857142855        301.92016388808935     
  0.87142857142857144        301.81835395565878     
  0.87428571428571433        301.75260104861871     
  0.87714285714285711        301.65161059403795     
  0.88000000000000000        301.58503820914808     
  0.88285714285714290        301.48486723241712     
  0.88571428571428568        301.41747536967745     
  0.88857142857142857        301.31812387079628     
  0.89142857142857146        301.24991253020681     
  0.89428571428571424        301.15138050917545     
  0.89714285714285713        301.08234969073612     
  0.90000000000000002        300.98463714755457     
  0.90285714285714280        300.91478685126549     
  0.90571428571428569        300.81789378593368     
  0.90857142857142859        300.74722401179491     
  0.91142857142857148        300.65115042431279     
  0.91428571428571426        300.57966117232428     
  0.91714285714285715        300.48440706269190     
  0.92000000000000004        300.41209833285365     
  0.92285714285714282        300.31766370107101     
  0.92571428571428571        300.24453549338301     
  0.92857142857142860        300.15092033945012     
  0.93142857142857138        300.07697265391238     
  0.93428571428571427        299.98417697782924     
  0.93714285714285717        299.90940981444174     
  0.93999999999999995        299.81743361620835     
  0.94285714285714284        299.74184697497111     
  0.94571428571428573        299.65069025458746     
  0.94857142857142862        299.57428413550048     
  0.95142857142857140        299.48394689296657     
  0.95428571428571429        299.40672129602984     
  0.95714285714285718        299.31720353134568     
  0.95999999999999996        299.23915845655921     
  0.96285714285714286        299.15046016972485     
  0.96571428571428575        299.07159561708858     
  0.96857142857142853        298.98371680810402     
  0.97142857142857142        298.90403277761794     
  0.97428571428571431        298.81697344648325     
  0.97714285714285709        298.73646993814725     
  0.97999999999999998        298.65023008486241     
  0.98285714285714287        298.56890709867662     
  0.98571428571428577        298.48348672324164     
  0.98857142857142855        298.40134425920593     
  0.99142857142857144        298.31674336162081     
  0.99428571428571433        298.23378141973529     
  0.99714285714285711        298.14999999999998     
