   0.0000000000000000        500.00000000000000     
   1.0000000000000000E-002   496.12201331791903     
   2.0000000000000000E-002   492.39412724528438     
   2.9999999999999999E-002   488.36677373339307     
   4.0000000000000001E-002   484.78910900903429     
   5.0000000000000003E-002   480.61153414886707     
   5.9999999999999998E-002   477.18409077278415     
   7.0000000000000007E-002   472.85872889086454     
   8.0000000000000002E-002   469.58162210253244     
   8.9999999999999997E-002   465.10592363286196     
  0.10000000000000001        461.97915343228073     
  0.11000000000000000        457.35745933971742     
  0.12000000000000000        454.38088763638825     
  0.13000000000000000        449.60899504657289     
  0.14000000000000001        446.78262184049572     
  0.14999999999999999        441.86670969910710     
  0.16000000000000000        439.19014342169464     
  0.17000000000000001        434.12442435164138     
  0.17999999999999999        431.59766500289362     
  0.19000000000000000        426.39005820331442     
  0.20000000000000001        424.01246371825675     
  0.20999999999999999        418.65569205498753     
  0.22000000000000000        416.42726243361994     
  0.23000000000000001        410.93086010772743     
  0.23999999999999999        408.85070890562287     
  0.25000000000000000        403.20602816046733     
  0.26000000000000001        401.27415537762579     
  0.27000000000000002        395.49219462150302     
  0.28000000000000003        393.70747865557615     
  0.28999999999999998        387.77836108253865     
  0.29999999999999999        386.14080193352652     
  0.31000000000000000        380.07681620623225     
  0.32000000000000001        378.58506937270420     
  0.33000000000000002        372.37527132992585     
  0.34000000000000002        371.02933681188188     
  0.35000000000000003        364.68711101087854     
  0.35999999999999999        363.48543659979066     
  0.37000000000000000        356.99895069183123     
  0.38000000000000000        355.94153638769944     
  0.39000000000000001        349.32505913202135     
  0.40000000000000002        348.41016300349321     
  0.41000000000000003        341.65116757221153     
  0.41999999999999998        340.87878961928698     
  0.42999999999999999        333.99220329630452     
  0.44000000000000000        333.36043246441534     
  0.45000000000000001        326.33323902039751     
  0.46000000000000002        325.84207530954370     
  0.47000000000000003        318.68962446041121     
  0.47999999999999998        318.33701069574420     
  0.48999999999999999        311.04600990042491     
  0.50000000000000000        310.83194608194469     
  0.51000000000000001        310.45910496045445     
  0.52000000000000002        310.25465734148599     
  0.53000000000000003        309.87220002048400     
  0.54000000000000004        309.67736860102730     
  0.55000000000000004        309.30070607429565     
  0.56000000000000005        309.11331787333057     
  0.57000000000000006        308.72921212810729     
  0.57999999999999996        308.54926714563385     
  0.58999999999999997        308.17276705237708     
  0.59999999999999998        307.99812448336479     
  0.60999999999999999        307.61632197664687     
  0.62000000000000000        307.44698182109568     
  0.63000000000000000        307.07432563239593     
  0.64000000000000001        306.90820595801824     
  0.65000000000000002        306.53232928814498     
  0.66000000000000003        306.36943009494075     
  0.67000000000000004        306.00395301264695     
  0.68000000000000005        305.84227730702889     
  0.69000000000000006        305.47557673714891     
  0.70000000000000007        305.31512451911703     
  0.70999999999999996        304.95977645021031     
  0.71999999999999997        304.79866080011766     
  0.72999999999999998        304.44397616327171     
  0.73999999999999999        304.28219708111828     
  0.75000000000000000        303.93950888059351     
  0.76000000000000001        303.77531343323801     
  0.77000000000000002        303.43504159791536     
  0.78000000000000003        303.26842978535768     
  0.79000000000000004        302.94048509035770     
  0.80000000000000004        302.76986037474916     
  0.81000000000000005        302.44592858280009     
  0.82000000000000006        302.27129096414063     
  0.83000000000000007        301.95970387061556     
  0.83999999999999997        301.77963384396298     
  0.84999999999999998        301.47347915843102     
  0.85999999999999999        301.28797672378528     
  0.87000000000000000        300.99387548469338     
  0.88000000000000000        300.80171678558008     
  0.89000000000000001        300.51427181095573     
  0.90000000000000002        300.31545684737483     
  0.91000000000000003        300.03947369920058     
  0.92000000000000004        299.83299062501902     
  0.93000000000000005        299.56467558744538     
  0.94000000000000006        299.35052440266321     
  0.95000000000000007        299.09279155557329     
  0.95999999999999996        298.87018632283161     
  0.96999999999999997        298.62090752370125     
  0.97999999999999998        298.38984824300007     
  0.98999999999999999        298.14999999999998     
