   0.0000000000000000        500.00000000000000     
   2.0000000000000000E-003   499.24814595653714     
   4.0000000000000001E-003   498.50143906838343     
   6.0000000000000001E-003   497.74443786961143     
   8.0000000000000002E-003   497.00287813676675     
   1.0000000000000000E-002   496.24072978268572     
   1.2000000000000000E-002   495.50431720515007     
   1.4000000000000000E-002   494.73702169576001     
   1.6000000000000000E-002   494.00575627353345     
   1.8000000000000002E-002   493.23331360883435     
   2.0000000000000000E-002   492.50719534191683     
   2.1999999999999999E-002   491.72960552190875     
   2.4000000000000000E-002   491.00863441030026     
   2.6000000000000002E-002   490.22589743498321     
   2.8000000000000001E-002   489.51007347868358     
   2.9999999999999999E-002   488.72218934805767     
   3.2000000000000001E-002   488.01151254706679     
   3.4000000000000002E-002   487.21848126113213     
   3.6000000000000004E-002   486.51295161545005     
   3.7999999999999999E-002   485.71477317420664     
   4.0000000000000001E-002   485.01439068383337     
   4.2000000000000003E-002   484.21106508728121     
   4.3999999999999997E-002   483.51582975221663     
   4.5999999999999999E-002   482.70735700035578     
   4.8000000000000001E-002   482.01726882059995     
   5.0000000000000003E-002   481.20364891343030     
   5.2000000000000005E-002   480.51870788898322     
   5.3999999999999999E-002   479.69994082650476     
   5.6000000000000001E-002   479.02014695736653     
   5.8000000000000003E-002   478.19623273957922     
   5.9999999999999998E-002   477.52158602574980     
   6.2000000000000000E-002   476.69252465265367     
   6.4000000000000001E-002   476.02302509413300     
   6.6000000000000003E-002   475.18881656572825     
   6.8000000000000005E-002   474.52446416251632     
   7.0000000000000007E-002   473.68510847880276     
   7.2000000000000008E-002   473.02590323089959     
   7.3999999999999996E-002   472.18140039187722     
   7.5999999999999998E-002   471.52734229928279     
   7.8000000000000000E-002   470.67769230495173     
   8.0000000000000002E-002   470.02878136766606     
   8.2000000000000003E-002   469.17398421802625     
   8.4000000000000005E-002   468.53022043604938     
   8.6000000000000007E-002   467.67027613110082     
   8.7999999999999995E-002   467.03165950443270     
   8.9999999999999997E-002   466.16656804417534     
   9.1999999999999998E-002   465.53309857281602     
   9.4000000000000000E-002   464.66285995724996     
   9.6000000000000002E-002   464.03453764119934     
   9.8000000000000004E-002   463.15915187032459     
  0.10000000000000001        462.53597670958266     
  0.10200000000000001        461.65544378339928     
  0.10400000000000001        461.03741577796598     
  0.10600000000000000        460.15173569647391     
  0.10800000000000000        459.53885484634924     
  0.11000000000000000        458.64802760954865     
  0.11200000000000000        458.04029391473250     
  0.11400000000000000        457.14431952262333     
  0.11600000000000001        456.54173298311571     
  0.11800000000000001        455.64061143569808     
  0.12000000000000000        455.04317205149886     
  0.12200000000000000        454.13690334877276     
  0.12400000000000000        453.54461111988201     
  0.12600000000000000        452.63319526184745     
  0.12800000000000000        452.04605018826516     
  0.13000000000000000        451.12948717492213     
  0.13200000000000001        450.54748925664825     
  0.13400000000000001        449.62577908799682     
  0.13600000000000001        449.04892832503134     
  0.13800000000000001        448.12207100107145     
  0.14000000000000001        447.55036739341438     
  0.14200000000000002        446.61836291414602     
  0.14400000000000002        446.05180646179736     
  0.14599999999999999        445.11465482722059     
  0.14799999999999999        444.55324553018039     
  0.14999999999999999        443.61094674029516     
  0.15200000000000000        443.05468459856343     
  0.15400000000000000        442.10723865336973     
  0.15600000000000000        441.55612366694646     
  0.15800000000000000        440.60353056644436     
  0.16000000000000000        440.05756273532950     
  0.16200000000000001        439.09982247951893     
  0.16400000000000001        438.55900180371248     
  0.16600000000000001        437.59611439259351     
  0.16800000000000001        437.06044087209546     
  0.17000000000000001        436.09240630566802     
  0.17200000000000001        435.56187994047843     
  0.17400000000000002        434.58869821874248     
  0.17599999999999999        434.06331900886141     
  0.17799999999999999        433.08499013181694     
  0.17999999999999999        432.56475807724439     
  0.18200000000000000        431.58128204489140     
  0.18400000000000000        431.06619714562737     
  0.18600000000000000        430.07757395796591     
  0.18800000000000000        429.56763621401035     
  0.19000000000000000        428.57386587104037     
  0.19200000000000000        428.06907528239338     
  0.19400000000000001        427.07015778411483     
  0.19600000000000001        426.57051435077636     
  0.19800000000000001        425.56644969718934     
  0.20000000000000001        425.07195341915934     
  0.20200000000000001        424.06274161026380     
  0.20400000000000001        423.57339248754232     
  0.20600000000000002        422.55903352333831     
  0.20800000000000002        422.07483155592524     
  0.20999999999999999        421.05532543641283     
  0.21199999999999999        420.57627062430822     
  0.21400000000000000        419.55161734948740     
  0.21600000000000000        419.07770969269126     
  0.21800000000000000        418.04790926256197     
  0.22000000000000000        417.57914876107424     
  0.22200000000000000        416.54420117563649     
  0.22400000000000000        416.08058782945722     
  0.22600000000000001        415.04049308871106     
  0.22800000000000001        414.58202689784019     
  0.23000000000000001        413.53678500178557     
  0.23200000000000001        413.08346596622323     
  0.23400000000000001        412.03307691486015     
  0.23600000000000002        411.58490503460621     
  0.23800000000000002        410.52936882793466     
  0.23999999999999999        410.08634410298913     
  0.24199999999999999        409.02566074100923     
  0.24399999999999999        408.58778317137211     
  0.24600000000000000        407.52195265408375     
  0.24800000000000000        407.08922223975509     
  0.25000000000000000        406.01824456715832     
  0.25200000000000000        405.59066130813812     
  0.25400000000000000        404.51453648023283     
  0.25600000000000001        404.09210037652116     
  0.25800000000000001        403.01082839330735     
  0.26000000000000001        402.59353944490420     
  0.26200000000000001        401.50712030638192     
  0.26400000000000001        401.09497851328723     
  0.26600000000000001        400.00341221945649     
  0.26800000000000002        399.59641758167027     
  0.27000000000000002        398.49970413253101     
  0.27200000000000002        398.09785665005330     
  0.27400000000000002        396.99599604560547     
  0.27600000000000002        396.59929571843639     
  0.27800000000000002        395.49228795867998     
  0.28000000000000003        395.10073478681949     
  0.28200000000000003        393.98857987175450     
  0.28400000000000003        393.60217385520258     
  0.28600000000000003        392.48487178482901     
  0.28800000000000003        392.10361292358567     
  0.28999999999999998        390.98116369790358     
  0.29199999999999998        390.60505199196876     
  0.29399999999999998        389.47745561097810     
  0.29599999999999999        389.10649106035180     
  0.29799999999999999        387.97374752405267     
  0.29999999999999999        387.60793012873484     
  0.30199999999999999        386.47003943712718     
  0.30399999999999999        386.10936919711793     
  0.30599999999999999        384.96633135020170     
  0.30800000000000000        384.61080826550096     
  0.31000000000000000        383.46262326327616     
  0.31200000000000000        383.11224733388406     
  0.31400000000000000        381.95891517635073     
  0.31600000000000000        381.61368640226715     
  0.31800000000000000        380.45520708942530     
  0.32000000000000001        380.11512547065024     
  0.32200000000000001        378.95149900249987     
  0.32400000000000001        378.61656453903333     
  0.32600000000000001        377.44779091557444     
  0.32800000000000001        377.11800360741643     
  0.33000000000000002        375.94408282864890     
  0.33200000000000002        375.61944267579958     
  0.33400000000000002        374.44037474172342     
  0.33600000000000002        374.12088174418267     
  0.33800000000000002        372.93666665479788     
  0.34000000000000002        372.62232081256582     
  0.34200000000000003        371.43295856787239     
  0.34400000000000003        371.12375988094897     
  0.34600000000000003        369.92925048094685     
  0.34800000000000003        369.62519894933212     
  0.35000000000000003        368.42554239402131     
  0.35199999999999998        368.12663801771521     
  0.35399999999999998        366.92183430709576     
  0.35599999999999998        366.62807708609830     
  0.35799999999999998        365.41812622017028     
  0.35999999999999999        365.12951615448139     
  0.36199999999999999        363.91441813324479     
  0.36399999999999999        363.63095522286449     
  0.36599999999999999        362.41071004631925     
  0.36799999999999999        362.13239429124764     
  0.37000000000000000        360.90700195939382     
  0.37200000000000000        360.63383335963073     
  0.37400000000000000        359.40329387246828     
  0.37600000000000000        359.13527242801382     
  0.37800000000000000        357.89958578554268     
  0.38000000000000000        357.63671149639686     
  0.38200000000000001        356.39587769861714     
  0.38400000000000001        356.13815056477989     
  0.38600000000000001        354.89216961169160     
  0.38800000000000001        354.63958963316298     
  0.39000000000000001        353.38846152476606     
  0.39200000000000002        353.14102870154602     
  0.39400000000000002        351.88475343784046     
  0.39600000000000002        351.64246776992911     
  0.39800000000000002        350.38104535091486     
  0.40000000000000002        350.14390683831220     
  0.40200000000000002        348.87733726398932     
  0.40400000000000003        348.64534590669524     
  0.40600000000000003        347.37362917706378     
  0.40800000000000003        347.14678497507833     
  0.41000000000000003        345.86992109013823     
  0.41200000000000003        345.64822404346137     
  0.41400000000000003        344.36621300321269     
  0.41600000000000004        344.14966311184446     
  0.41799999999999998        342.86250491628709     
  0.41999999999999998        342.65110218022750     
  0.42199999999999999        341.35879682936155     
  0.42399999999999999        341.15254124861059     
  0.42599999999999999        339.85508874243601     
  0.42799999999999999        339.65398031699362     
  0.42999999999999999        338.35138065551041     
  0.43200000000000000        338.15541938537666     
  0.43400000000000000        336.84767256858493     
  0.43600000000000000        336.65685845375975     
  0.43800000000000000        335.34396448165938     
  0.44000000000000000        335.15829752214285     
  0.44200000000000000        333.84025639473390     
  0.44400000000000001        333.65973659052594     
  0.44600000000000001        332.33654830780836     
  0.44800000000000001        332.16117565890903     
  0.45000000000000001        330.83284022088293     
  0.45200000000000001        330.66261472729212     
  0.45400000000000001        329.32913213395744     
  0.45600000000000002        329.16405379567522     
  0.45800000000000002        327.82542404703202     
  0.46000000000000002        327.66549286405825     
  0.46200000000000002        326.32171596010653     
  0.46400000000000002        326.16693193244134     
  0.46600000000000003        324.81800787318099     
  0.46800000000000003        324.66837100082438     
  0.47000000000000003        323.31429978625550     
  0.47200000000000003        323.16981006920741     
  0.47400000000000003        321.81059169933002     
  0.47600000000000003        321.67124913759045     
  0.47800000000000004        320.30688361240459     
  0.47999999999999998        320.17268820597349     
  0.48199999999999998        318.80317552547916     
  0.48399999999999999        318.67412727435658     
  0.48599999999999999        317.29946743855368     
  0.48799999999999999        317.17556634273961     
  0.48999999999999999        315.79575935162825     
  0.49199999999999999        315.67700541112265     
  0.49399999999999999        314.29205126470276     
  0.49600000000000000        314.17844447950574     
  0.49800000000000000        312.78834317777728     
  0.50000000000000000        312.67988354788883     
  0.50200000000000000        312.67123643235504     
  0.50400000000000000        312.56317765593781     
  0.50600000000000001        312.55412968693275     
  0.50800000000000001        312.44647176398678     
  0.51000000000000001        312.43702294151046     
  0.51200000000000001        312.32976587203575     
  0.51400000000000001        312.31991619608823     
  0.51600000000000001        312.21305998008467     
  0.51800000000000002        312.20280945066594     
  0.52000000000000002        312.09635408813358     
  0.52200000000000002        312.08570270524370     
  0.52400000000000002        311.97964819618255     
  0.52600000000000002        311.96859595982147     
  0.52800000000000002        311.86294230423152     
  0.53000000000000003        311.85148921439924     
  0.53200000000000003        311.74623641228055     
  0.53400000000000003        311.73438246897700     
  0.53600000000000003        311.62953052032958     
  0.53800000000000003        311.61727572355477     
  0.54000000000000004        311.51282462837861     
  0.54200000000000004        311.50016897813254     
  0.54400000000000004        311.39611873642764     
  0.54600000000000004        311.38306223271030     
  0.54800000000000004        311.27941284447667     
  0.55000000000000004        311.26595548728807     
  0.55200000000000005        311.16270695252564     
  0.55400000000000005        311.14884874186583     
  0.55600000000000005        311.04600106057467     
  0.55800000000000005        311.03174199644360     
  0.56000000000000005        310.92929516862364     
  0.56200000000000006        310.91463525102137     
  0.56400000000000006        310.81258927667267     
  0.56600000000000006        310.79752850559913     
  0.56800000000000006        310.69588338472170     
  0.57000000000000006        310.68042176017690     
  0.57200000000000006        310.57917749277073     
  0.57400000000000007        310.56331501475466     
  0.57600000000000007        310.46247160081975     
  0.57799999999999996        310.44620826933243     
  0.57999999999999996        310.34576570886878     
  0.58199999999999996        310.32910152391020     
  0.58399999999999996        310.22905981691787     
  0.58599999999999997        310.21199477848796     
  0.58799999999999997        310.11235392496695     
  0.58999999999999997        310.09488803306567     
  0.59199999999999997        309.99564803301604     
  0.59399999999999997        309.97778128764344     
  0.59599999999999997        309.87894214106512     
  0.59799999999999998        309.86067454222115     
  0.59999999999999998        309.76223624911421     
  0.60199999999999998        309.74356779679886     
  0.60399999999999998        309.64553035716330     
  0.60599999999999998        309.62646105137657     
  0.60799999999999998        309.52882446521238     
  0.60999999999999999        309.50935430595433     
  0.61199999999999999        309.41211857326147     
  0.61399999999999999        309.39224756053210     
  0.61599999999999999        309.29541268131055     
  0.61799999999999999        309.27514081510981     
  0.62000000000000000        309.17870678935969     
  0.62200000000000000        309.15803406968757     
  0.62400000000000000        309.06200089740878     
  0.62600000000000000        309.04092732426528     
  0.62800000000000000        308.94529500545792     
  0.63000000000000000        308.92382057884299     
  0.63200000000000001        308.82858911350701     
  0.63400000000000001        308.80671383342076     
  0.63600000000000001        308.71188322155609     
  0.63800000000000001        308.68960708799847     
  0.64000000000000001        308.59517732960518     
  0.64200000000000002        308.57250034257618     
  0.64400000000000002        308.47847143765426     
  0.64600000000000002        308.45539359715389     
  0.64800000000000002        308.36176554570329     
  0.65000000000000002        308.33828685173160     
  0.65200000000000002        308.24505965375238     
  0.65400000000000003        308.22118010630930     
  0.65600000000000003        308.12835376180141     
  0.65800000000000003        308.10407336088707     
  0.66000000000000003        308.01164786985049     
  0.66200000000000003        307.98696661546478     
  0.66400000000000003        307.89494197789958     
  0.66600000000000004        307.86985987004249     
  0.66800000000000004        307.77823608594866     
  0.67000000000000004        307.75275312462020     
  0.67200000000000004        307.66153019399775     
  0.67400000000000004        307.63564637919796     
  0.67600000000000005        307.54482430204683     
  0.67800000000000005        307.51853963377573     
  0.68000000000000005        307.42811841009586     
  0.68200000000000005        307.40143288835350     
  0.68400000000000005        307.31141251814489     
  0.68600000000000005        307.28432614293126     
  0.68800000000000006        307.19470662619392     
  0.69000000000000006        307.16721939750903     
  0.69200000000000006        307.07800073424295     
  0.69400000000000006        307.05011265208680     
  0.69600000000000006        306.96129484229198     
  0.69800000000000006        306.93300590666456     
  0.70000000000000007        306.84458895034101     
  0.70200000000000007        306.81589916124238     
  0.70399999999999996        306.72788305839003     
  0.70599999999999996        306.69879241582015     
  0.70799999999999996        306.61117716643901     
  0.70999999999999996        306.58168567039797     
  0.71199999999999997        306.49447127448798     
  0.71399999999999997        306.46457892497580     
  0.71599999999999997        306.37776538253695     
  0.71799999999999997        306.34747217955362     
  0.71999999999999997        306.26105949058598     
  0.72199999999999998        306.23036543413150     
  0.72399999999999998        306.14435359863501     
  0.72599999999999998        306.11325868870932     
  0.72799999999999998        306.02764770668398     
  0.72999999999999998        305.99615194328715     
  0.73199999999999998        305.91094181473295     
  0.73399999999999999        305.87904519786497     
  0.73599999999999999        305.79423592278192     
  0.73799999999999999        305.76193845244279     
  0.73999999999999999        305.67753003083089     
  0.74199999999999999        305.64483170702061     
  0.74399999999999999        305.56082413887987     
  0.74600000000000000        305.52772496159844     
  0.74800000000000000        305.44411824692884     
  0.75000000000000000        305.41061821617626     
  0.75200000000000000        305.32741235497781     
  0.75400000000000000        305.29351147075403     
  0.75600000000000001        305.21070646302684     
  0.75800000000000001        305.17640472533179     
  0.76000000000000001        305.09400057107587     
  0.76200000000000001        305.05929797990962     
  0.76400000000000001        304.97729467912490     
  0.76600000000000001        304.94219123448744     
  0.76800000000000002        304.86058878717398     
  0.77000000000000002        304.82508448906526     
  0.77200000000000002        304.74388289522301     
  0.77400000000000002        304.70797774364303     
  0.77600000000000002        304.62717700327210     
  0.77800000000000002        304.59087099822079     
  0.78000000000000003        304.51047111132118     
  0.78200000000000003        304.47376425279856     
  0.78400000000000003        304.39376521937032     
  0.78600000000000003        304.35665750737633     
  0.78800000000000003        304.27705932741952     
  0.79000000000000004        304.23955076195409     
  0.79200000000000004        304.16035343546866     
  0.79400000000000004        304.12244401653186     
  0.79600000000000004        304.04364754351781     
  0.79800000000000004        304.00533727110957     
  0.80000000000000004        303.92694165156695     
  0.80200000000000005        303.88823052568733     
  0.80400000000000005        303.81023575961609     
  0.80600000000000005        303.77112378026510     
  0.80800000000000005        303.69352986766523     
  0.81000000000000005        303.65401703484287     
  0.81200000000000006        303.57682397571438     
  0.81400000000000006        303.53691028942069     
  0.81600000000000006        303.46011808376352     
  0.81800000000000006        303.41980354399851     
  0.82000000000000006        303.34341219181266     
  0.82200000000000006        303.30269679857633     
  0.82400000000000007        303.22670629986180     
  0.82600000000000007        303.18559005315410     
  0.82800000000000007        303.11000040791095     
  0.83000000000000007        303.06848330773187     
  0.83200000000000007        302.99329451596009     
  0.83399999999999996        302.95137656230969     
  0.83599999999999997        302.87658862400923     
  0.83799999999999997        302.83426981688751     
  0.83999999999999997        302.75988273205837     
  0.84199999999999997        302.71716307146528     
  0.84399999999999997        302.64317684010757     
  0.84599999999999997        302.60005632604305     
  0.84799999999999998        302.52647094815677     
  0.84999999999999998        302.48294958062081     
  0.85199999999999998        302.40976505620597     
  0.85399999999999998        302.36584283519863     
  0.85599999999999998        302.29305916425517     
  0.85799999999999998        302.24873608977646     
  0.85999999999999999        302.17635327230437     
  0.86199999999999999        302.13162934435417     
  0.86399999999999999        302.05964738035357     
  0.86599999999999999        302.01452259893193     
  0.86799999999999999        301.94294148840277     
  0.87000000000000000        301.89741585350970     
  0.87200000000000000        301.82623559645197     
  0.87400000000000000        301.78030910808752     
  0.87600000000000000        301.70952970450116     
  0.87800000000000000        301.66320236266529     
  0.88000000000000000        301.59282381255036     
  0.88200000000000001        301.54609561724305     
  0.88400000000000001        301.47611792059956     
  0.88600000000000001        301.42898887182082     
  0.88800000000000001        301.35941202864876     
  0.89000000000000001        301.31188212639859     
  0.89200000000000002        301.24270613669796     
  0.89400000000000002        301.19477538097635     
  0.89600000000000002        301.12600024474716     
  0.89800000000000002        301.07766863555412     
  0.90000000000000002        301.00929435279636     
  0.90200000000000002        300.96056189013188     
  0.90400000000000003        300.89258846084556     
  0.90600000000000003        300.84345514470976     
  0.90800000000000003        300.77588256889476     
  0.91000000000000003        300.72634839928759     
  0.91200000000000003        300.65917667694390     
  0.91400000000000003        300.60924165386541     
  0.91600000000000004        300.54247078499299     
  0.91800000000000004        300.49213490844318     
  0.92000000000000004        300.42576489304213     
  0.92200000000000004        300.37502816302094     
  0.92400000000000004        300.30905900109121     
  0.92600000000000005        300.25792141759882     
  0.92800000000000005        300.19235310914036     
  0.93000000000000005        300.14081467217670     
  0.93200000000000005        300.07564721718950     
  0.93400000000000005        300.02370792675453     
  0.93600000000000005        299.95894132523864     
  0.93800000000000006        299.90660118133241     
  0.94000000000000006        299.84223543328778     
  0.94200000000000006        299.78949443591029     
  0.94400000000000006        299.72552954133693     
  0.94600000000000006        299.67238769048816     
  0.94800000000000006        299.60882364938607     
  0.95000000000000007        299.55528094506604     
  0.95200000000000007        299.49211775743521     
  0.95400000000000007        299.43817419964392     
  0.95600000000000007        299.37541186548435     
  0.95800000000000007        299.32106745422180     
  0.95999999999999996        299.25870597353349     
  0.96199999999999997        299.20396070879968     
  0.96399999999999997        299.14200008158264     
  0.96599999999999997        299.08685396337756     
  0.96799999999999997        299.02529418963172     
  0.96999999999999997        298.96974721795544     
  0.97199999999999998        298.90858829768086     
  0.97399999999999998        298.85264047253327     
  0.97599999999999998        298.79188240572995     
  0.97799999999999998        298.73553372711109     
  0.97999999999999998        298.67517651377904     
  0.98199999999999998        298.61842698168886     
  0.98399999999999999        298.55847062182812     
  0.98599999999999999        298.50132023626668     
  0.98799999999999999        298.44176472987721     
  0.98999999999999999        298.38421349084450     
  0.99199999999999999        298.32505883792635     
  0.99399999999999999        298.26710674542227     
  0.99600000000000000        298.20835294597543     
  0.99800000000000000        298.14999999999998     
