   0.0000000000000000        500.00000000000000     
   8.0000000000000004E-004   499.70033979105369     
   1.6000000000000001E-003   499.39985801619014     
   2.4000000000000002E-003   499.10101937316091     
   3.2000000000000002E-003   498.79971603238033     
   4.0000000000000001E-003   498.50169895526824     
   4.8000000000000004E-003   498.19957404857041     
   5.5999999999999999E-003   497.90237853737551     
   6.4000000000000003E-003   497.59943206476061     
   7.2000000000000007E-003   497.30305811948278     
   8.0000000000000002E-003   496.99929008095074     
   8.8000000000000005E-003   496.70373770159006     
   9.6000000000000009E-003   496.39914809714082     
   1.0400000000000001E-002   496.10441728369727     
   1.1200000000000000E-002   495.79900611333090     
   1.2000000000000000E-002   495.50509686580449     
   1.2800000000000001E-002   495.19886412952098     
   1.3600000000000001E-002   494.90577644791171     
   1.4400000000000001E-002   494.59872214571106     
   1.5200000000000000E-002   494.30645603001892     
   1.6000000000000000E-002   493.99858016190109     
   1.6800000000000002E-002   493.70713561212614     
   1.7600000000000001E-002   493.39843817809117     
   1.8400000000000000E-002   493.10781519423341     
   1.9200000000000002E-002   492.79829619428119     
   2.0000000000000000E-002   492.50849477634068     
   2.0800000000000003E-002   492.19815421047122     
   2.1600000000000001E-002   491.90917435844796     
   2.2400000000000000E-002   491.59801222666118     
   2.3200000000000002E-002   491.30985394055517     
   2.4000000000000000E-002   490.99787024285121     
   2.4800000000000003E-002   490.71053352266244     
   2.5600000000000001E-002   490.39772825904123     
   2.6400000000000000E-002   490.11121310476977     
   2.7200000000000002E-002   489.79758627523125     
   2.8000000000000001E-002   489.51189268687710     
   2.8800000000000003E-002   489.19744429142128     
   2.9600000000000001E-002   488.91257226898443     
   3.0400000000000000E-002   488.59730230761136     
   3.1200000000000002E-002   488.31325185109176     
   3.2000000000000001E-002   487.99716032380138     
   3.2800000000000003E-002   487.71393143319909     
   3.3600000000000005E-002   487.39701833999140     
   3.4400000000000000E-002   487.11461101530648     
   3.5200000000000002E-002   486.79687635618149     
   3.6000000000000004E-002   486.51529059741381     
   3.6799999999999999E-002   486.19673437237151     
   3.7600000000000001E-002   485.91597017952114     
   3.8400000000000004E-002   485.59659238856153     
   3.9199999999999999E-002   485.31664976162853     
   4.0000000000000001E-002   484.99645040475150     
   4.0800000000000003E-002   484.71732934373591     
   4.1600000000000005E-002   484.39630842094147     
   4.2400000000000000E-002   484.11800892584324     
   4.3200000000000002E-002   483.79616643713138     
   4.4000000000000004E-002   483.51868850795063     
   4.4800000000000000E-002   483.19602445332134     
   4.5600000000000002E-002   482.91936809005807     
   4.6400000000000004E-002   482.59588246951131     
   4.7199999999999999E-002   482.32004767216551     
   4.8000000000000001E-002   481.99574048570128     
   4.8800000000000003E-002   481.72072725427290     
   4.9600000000000005E-002   481.39559850189124     
   5.0400000000000000E-002   481.12140683638029     
   5.1200000000000002E-002   480.79545651808121     
   5.2000000000000005E-002   480.52208641848767     
   5.2800000000000000E-002   480.19531453427118     
   5.3600000000000002E-002   479.92276600059506     
   5.4400000000000004E-002   479.59517255046120     
   5.5200000000000006E-002   479.32344558270245     
   5.6000000000000001E-002   478.99503056665111     
   5.6800000000000003E-002   478.72412516480989     
   5.7600000000000005E-002   478.39488858284102     
   5.8400000000000001E-002   478.12480474691728     
   5.9200000000000003E-002   477.79474659903093     
   6.0000000000000005E-002   477.52548432902472     
   6.0800000000000000E-002   477.19460461522078     
   6.1600000000000002E-002   476.92616391113222     
   6.2400000000000004E-002   476.59446263141075     
   6.3200000000000006E-002   476.32684349323972     
   6.4000000000000001E-002   475.99432064760072     
   6.4799999999999996E-002   475.72752307534716     
   6.5600000000000006E-002   475.39417866379068     
   6.6400000000000001E-002   475.12820265745461     
   6.7200000000000010E-002   474.79403667998065     
   6.8000000000000005E-002   474.52888223956205     
   6.8800000000000000E-002   474.19389469617062     
   6.9600000000000009E-002   473.92956182166949     
   7.0400000000000004E-002   473.59375271236058     
   7.1199999999999999E-002   473.33024140377694     
   7.2000000000000008E-002   472.99361072855055     
   7.2800000000000004E-002   472.73092098588432     
   7.3599999999999999E-002   472.39346874474040     
   7.4400000000000008E-002   472.13160056799165     
   7.5200000000000003E-002   471.79332676093026     
   7.5999999999999998E-002   471.53228015009910     
   7.6800000000000007E-002   471.19318477712017     
   7.7600000000000002E-002   470.93295973220648     
   7.8399999999999997E-002   470.59304279331002     
   7.9200000000000007E-002   470.33363931431393     
   8.0000000000000002E-002   469.99290080949982     
   8.0800000000000011E-002   469.73431889642131     
   8.1600000000000006E-002   469.39275882568967     
   8.2400000000000001E-002   469.13499847852876     
   8.3200000000000010E-002   468.79261684187952     
   8.4000000000000005E-002   468.53567806063620     
   8.4800000000000000E-002   468.19247485806937     
   8.5600000000000009E-002   467.93635764274370     
   8.6400000000000005E-002   467.59233287425923     
   8.7200000000000000E-002   467.33703722485120     
   8.8000000000000009E-002   466.99219089044908     
   8.8800000000000004E-002   466.73771680695870     
   8.9599999999999999E-002   466.39204890663899     
   9.0400000000000008E-002   466.13839638906620     
   9.1200000000000003E-002   465.79190692282884     
   9.1999999999999998E-002   465.53907597117365     
   9.2800000000000007E-002   465.19176493901875     
   9.3600000000000003E-002   464.93975555328115     
   9.4399999999999998E-002   464.59162295520866     
   9.5200000000000007E-002   464.34043513538865     
   9.6000000000000002E-002   463.99148097139863     
   9.6800000000000011E-002   463.74111471749620     
   9.7600000000000006E-002   463.39133898758854     
   9.8400000000000001E-002   463.14179429960376     
   9.9200000000000010E-002   462.79119700377851     
  0.10000000000000001        462.54247388171132     
  0.10080000000000000        462.19105501996847     
  0.10160000000000001        461.94315346381887     
  0.10240000000000000        461.59091303615833     
  0.10320000000000000        461.34383304592643     
  0.10400000000000001        460.99077105234824     
  0.10480000000000000        460.74451262803399     
  0.10560000000000000        460.39062906853803     
  0.10640000000000001        460.14519221014166     
  0.10720000000000000        459.79048708472789     
  0.10800000000000000        459.54587179224927     
  0.10880000000000001        459.19034510091780     
  0.10960000000000000        458.94655137435689     
  0.11040000000000001        458.59020311710776     
  0.11120000000000001        458.34723095646450     
  0.11200000000000000        457.99006113329762     
  0.11280000000000001        457.74791053857211     
  0.11360000000000001        457.38991914948753     
  0.11440000000000000        457.14859012067978     
  0.11520000000000001        456.78977716567744     
  0.11600000000000001        456.54926970278746     
  0.11680000000000000        456.18963518186723     
  0.11760000000000001        455.94994928489513     
  0.11840000000000001        455.58949319805703     
  0.11920000000000000        455.35062886700285     
  0.12000000000000001        454.98935121424694     
  0.12080000000000000        454.75130844911052     
  0.12160000000000000        454.38920923043679     
  0.12240000000000001        454.15198803121820     
  0.12320000000000000        453.78906724662659     
  0.12400000000000000        453.55266761332581     
  0.12480000000000001        453.18892526281638     
  0.12560000000000002        452.95334719543342     
  0.12640000000000001        452.58878327900624     
  0.12720000000000001        452.35402677754098     
  0.12800000000000000        451.98864129519603     
  0.12880000000000000        451.75470635964854     
  0.12959999999999999        451.38849931138589     
  0.13040000000000002        451.15538594175615     
  0.13120000000000001        450.78835732757580     
  0.13200000000000001        450.55606552386377     
  0.13280000000000000        450.18821534376559     
  0.13360000000000000        449.95674510597138     
  0.13440000000000002        449.58807335995539     
  0.13520000000000001        449.35742468807905     
  0.13600000000000001        448.98793137614524     
  0.13680000000000000        448.75810427018672     
  0.13760000000000000        448.38778939233504     
  0.13840000000000000        448.15878385229433     
  0.13920000000000002        447.78764740852483     
  0.14000000000000001        447.55946343440195     
  0.14080000000000001        447.18750542471469     
  0.14160000000000000        446.96014301650962     
  0.14240000000000000        446.58736344090448     
  0.14319999999999999        446.36082259861735     
  0.14400000000000002        445.98722145709422     
  0.14480000000000001        445.76150218072502     
  0.14560000000000001        445.38707947328396     
  0.14640000000000000        445.16218176283274     
  0.14720000000000000        444.78693748947370     
  0.14800000000000002        444.56286134494042     
  0.14880000000000002        444.18679550566350     
  0.14960000000000001        443.96354092704809     
  0.15040000000000001        443.58665352185324     
  0.15120000000000000        443.36422050915576     
  0.15200000000000000        442.98651153804303     
  0.15280000000000002        442.76490009126337     
  0.15360000000000001        442.38636955423277     
  0.15440000000000001        442.16557967337098     
  0.15520000000000000        441.78622757042251     
  0.15600000000000000        441.56625925547866     
  0.15679999999999999        441.18608558661225     
  0.15760000000000002        440.96693883758627     
  0.15840000000000001        440.58594360280199     
  0.15920000000000001        440.36761841969388     
  0.16000000000000000        439.98580161899173     
  0.16080000000000000        439.76829800180150     
  0.16160000000000002        439.38565963518147     
  0.16240000000000002        439.16897758390917     
  0.16320000000000001        438.78551765137121     
  0.16400000000000001        438.56965716601684     
  0.16480000000000000        438.18537566756106     
  0.16560000000000000        437.97033674812457     
  0.16640000000000002        437.58523368375086     
  0.16720000000000002        437.37101633023229     
  0.16800000000000001        436.98509169994065     
  0.16880000000000001        436.77169591233996     
  0.16960000000000000        436.38494971613045     
  0.17040000000000000        436.17237549444758     
  0.17120000000000002        435.78480773232036     
  0.17200000000000001        435.57305507655525     
  0.17280000000000001        435.18466574851021     
  0.17360000000000000        434.97373465866298     
  0.17440000000000000        434.58452376470001     
  0.17519999999999999        434.37441424077065     
  0.17600000000000002        433.98438178088986     
  0.17680000000000001        433.77509382287832     
  0.17760000000000001        433.38423979707977     
  0.17840000000000000        433.17577340498593     
  0.17920000000000000        432.78409781326974     
  0.18000000000000002        432.57645298709360     
  0.18080000000000002        432.18395582945965     
  0.18160000000000001        431.97713256920122     
  0.18240000000000001        431.58381384564950     
  0.18320000000000000        431.37781215130877     
  0.18400000000000000        430.98367186183947     
  0.18480000000000002        430.77849173341644     
  0.18560000000000001        430.38352987802938     
  0.18640000000000001        430.17917131552400     
  0.18720000000000001        429.78338789421935     
  0.18800000000000000        429.57985089763156     
  0.18880000000000000        429.18324591040931     
  0.18960000000000002        428.98053047973912     
  0.19040000000000001        428.58310392659916     
  0.19120000000000001        428.38121006184673     
  0.19200000000000000        427.98296194278902     
  0.19280000000000000        427.78188964395434     
  0.19360000000000002        427.38281995897887     
  0.19440000000000002        427.18256922606190     
  0.19520000000000001        426.78267797516872     
  0.19600000000000001        426.58324880816951     
  0.19680000000000000        426.18253599135863     
  0.19760000000000000        425.98392839027719     
  0.19840000000000002        425.58239400754843     
  0.19920000000000002        425.38460797238491     
  0.20000000000000001        424.98225202373823     
  0.20080000000000001        424.78528755449253     
  0.20160000000000000        424.38211003992808     
  0.20240000000000000        424.18596713660020     
  0.20320000000000002        423.78196805611793     
  0.20400000000000001        423.58664671870793     
  0.20480000000000001        423.18182607230779     
  0.20560000000000000        422.98732630081565     
  0.20640000000000000        422.58168408849764     
  0.20720000000000002        422.38800588292332     
  0.20800000000000002        421.98154210468749     
  0.20880000000000001        421.78868546503094     
  0.20960000000000001        421.38140012087734     
  0.21040000000000000        421.18936504713861     
  0.21120000000000000        420.78125813706714     
  0.21200000000000002        420.59004462924628     
  0.21280000000000002        420.18111615325694     
  0.21360000000000001        419.99072421135395     
  0.21440000000000001        419.58097416944668     
  0.21520000000000000        419.39140379346162     
  0.21600000000000000        418.98083218563642     
  0.21680000000000002        418.79208337556935     
  0.21760000000000002        418.38069020182621     
  0.21840000000000001        418.19276295767702     
  0.21920000000000001        417.78054821801601     
  0.22000000000000000        417.59344253978475     
  0.22080000000000002        417.18040623420586     
  0.22160000000000002        416.99412212189242     
  0.22240000000000001        416.58026425039571     
  0.22320000000000001        416.39480170400009     
  0.22400000000000000        415.98012226658557     
  0.22480000000000000        415.79548128610776     
  0.22560000000000002        415.37998028277542     
  0.22640000000000002        415.19616086821543     
  0.22720000000000001        414.77983829896527     
  0.22800000000000001        414.59684045032310     
  0.22880000000000000        414.17969631515513     
  0.22960000000000000        413.99752003243083     
  0.23040000000000002        413.57955433134498     
  0.23120000000000002        413.39819961453850     
  0.23200000000000001        412.97941234753489     
  0.23280000000000001        412.79887919664623     
  0.23360000000000000        412.37927036372474     
  0.23440000000000003        412.19955877875384     
  0.23520000000000002        411.77912837991460     
  0.23600000000000002        411.60023836086145     
  0.23680000000000001        411.17898639610439     
  0.23760000000000001        411.00091794296907     
  0.23840000000000000        410.57884441229419     
  0.23920000000000002        410.40159752507668     
  0.24000000000000002        409.97870242848398     
  0.24080000000000001        409.80227710718435     
  0.24160000000000001        409.37856044467384     
  0.24240000000000000        409.20295668929197     
  0.24320000000000000        408.77841846086369     
  0.24400000000000002        408.60363627139958     
  0.24480000000000002        408.17827647705354     
  0.24560000000000001        408.00431585350725     
  0.24640000000000001        407.57813449324345     
  0.24720000000000000        407.40499543561486     
  0.24800000000000000        406.97799250943336     
  0.24880000000000002        406.80567501772254     
  0.24960000000000002        406.37785052562316     
  0.25040000000000001        406.20635459983015     
  0.25120000000000003        405.77770854181301     
  0.25200000000000000        405.60703418193776     
  0.25280000000000002        405.17756655800281     
  0.25359999999999999        405.00771376404543     
  0.25440000000000002        404.57742457419266     
  0.25520000000000004        404.40839334615305     
  0.25600000000000001        403.97728259038252     
  0.25680000000000003        403.80907292826072     
  0.25760000000000000        403.37714060657231     
  0.25840000000000002        403.20975251036828     
  0.25919999999999999        402.77699862276211     
  0.26000000000000001        402.61043209247589     
  0.26080000000000003        402.17685663895196     
  0.26160000000000000        402.01111167458345     
  0.26240000000000002        401.57671465514181     
  0.26319999999999999        401.41179125669106     
  0.26400000000000001        400.97657267133167     
  0.26480000000000004        400.81247083879862     
  0.26560000000000000        400.37643068752146     
  0.26640000000000003        400.21315042090617     
  0.26719999999999999        399.77628870371137     
  0.26800000000000002        399.61383000301373     
  0.26880000000000004        399.17614671990128     
  0.26960000000000001        399.01450958512129     
  0.27040000000000003        398.57600473609119     
  0.27120000000000000        398.41518916722873     
  0.27200000000000002        397.97586275228110     
  0.27279999999999999        397.81586874933623     
  0.27360000000000001        397.37572076847101     
  0.27440000000000003        397.21654833144373     
  0.27520000000000000        396.77557878466092     
  0.27600000000000002        396.61722791355123     
  0.27679999999999999        396.17543680085083     
  0.27760000000000001        396.01790749565862     
  0.27840000000000004        395.57529481704074     
  0.27920000000000000        395.41858707776606     
  0.28000000000000003        394.97515283323071     
  0.28079999999999999        394.81926665987351     
  0.28160000000000002        394.37501084942068     
  0.28240000000000004        394.21994624198095     
  0.28320000000000001        393.77486886561064     
  0.28400000000000003        393.62062582408839     
  0.28480000000000000        393.17472688180055     
  0.28560000000000002        393.02130540619578     
  0.28639999999999999        392.57458489799046     
  0.28720000000000001        392.42198498830322     
  0.28800000000000003        391.97444291418043     
  0.28880000000000000        391.82266457041061     
  0.28960000000000002        391.37430093037045     
  0.29039999999999999        391.22334415251811     
  0.29120000000000001        390.77415894656042     
  0.29200000000000004        390.62402373462555     
  0.29280000000000000        390.17401696275039     
  0.29360000000000003        390.02470331673300     
  0.29440000000000000        389.57387497894030     
  0.29520000000000002        389.42538289884038     
  0.29600000000000004        388.97373299513021     
  0.29680000000000001        388.82606248094783     
  0.29760000000000003        388.37359101132017     
  0.29840000000000000        388.22674206305521     
  0.29920000000000002        387.77344902751008     
  0.29999999999999999        387.62742164516266     
  0.30080000000000001        387.17330704370005     
  0.30160000000000003        387.02810122727004     
  0.30240000000000000        386.57316505988996     
  0.30320000000000003        386.42878080937749     
  0.30399999999999999        385.97302307607987     
  0.30480000000000002        385.82946039148493     
  0.30560000000000004        385.37288109226972     
  0.30640000000000001        385.23013997359237     
  0.30720000000000003        384.77273910845963     
  0.30800000000000000        384.63081955569987     
  0.30880000000000002        384.17259712464949     
  0.30960000000000004        384.03149913780743     
  0.31040000000000001        383.57245514083939     
  0.31120000000000003        383.43217871991487     
  0.31200000000000000        382.97231315702936     
  0.31280000000000002        382.83285830202243     
  0.31359999999999999        382.37217117321933     
  0.31440000000000001        382.23353788412993     
  0.31520000000000004        381.77202918940924     
  0.31600000000000000        381.63421746623754     
  0.31680000000000003        381.17188720559915     
  0.31759999999999999        381.03489704834510     
  0.31840000000000002        380.57174522178900     
  0.31920000000000004        380.43557663045266     
  0.32000000000000001        379.97160323797885     
  0.32080000000000003        379.83625621256022     
  0.32160000000000000        379.37146125416876     
  0.32240000000000002        379.23693579466783     
  0.32320000000000004        378.77131927035862     
  0.32400000000000001        378.63761537677539     
  0.32480000000000003        378.17117728654853     
  0.32560000000000000        378.03829495888294     
  0.32640000000000002        377.57103530273844     
  0.32719999999999999        377.43897454099056     
  0.32800000000000001        376.97089331892840     
  0.32880000000000004        376.83965412309811     
  0.32960000000000000        376.37075133511837     
  0.33040000000000003        376.24033370520567     
  0.33119999999999999        375.77060935130822     
  0.33200000000000002        375.64101328731311     
  0.33280000000000004        375.17046736749808     
  0.33360000000000001        375.04169286942061     
  0.33440000000000003        374.57032538368799     
  0.33520000000000000        374.44237245152812     
  0.33600000000000002        373.97018339987790     
  0.33680000000000004        373.84305203363562     
  0.33760000000000001        373.37004141606781     
  0.33840000000000003        373.24373161574317     
  0.33920000000000000        372.76989943225772     
  0.34000000000000002        372.64441119785067     
  0.34079999999999999        372.16975744844768     
  0.34160000000000001        372.04509077995823     
  0.34240000000000004        371.56961546463765     
  0.34320000000000001        371.44577036206573     
  0.34400000000000003        370.96947348082767     
  0.34480000000000000        370.84644994417329     
  0.34560000000000002        370.36933149701770     
  0.34640000000000004        370.24712952628084     
  0.34720000000000001        369.76918951320761     
  0.34800000000000003        369.64780910838834     
  0.34880000000000000        369.16904752939763     
  0.34960000000000002        369.04848869049579     
  0.35039999999999999        368.56890554558760     
  0.35120000000000001        368.44916827260329     
  0.35200000000000004        367.96876356177756     
  0.35280000000000000        367.84984785471079     
  0.35360000000000003        367.36862157796753     
  0.35439999999999999        367.25052743681829     
  0.35520000000000002        366.76847959415744     
  0.35600000000000004        366.65120701892579     
  0.35680000000000001        366.16833761034741     
  0.35760000000000003        366.05188660103323     
  0.35840000000000000        365.56819562653732     
  0.35920000000000002        365.45256618314068     
  0.36000000000000004        364.96805364272734     
  0.36080000000000001        364.85324576524812     
  0.36160000000000003        364.36791165891725     
  0.36240000000000000        364.25392534735562     
  0.36320000000000002        363.76776967510722     
  0.36399999999999999        363.65460492946312     
  0.36480000000000001        363.16762769129724     
  0.36560000000000004        363.05528451157068     
  0.36640000000000000        362.56748570748726     
  0.36720000000000003        362.45596409367829     
  0.36799999999999999        361.96734372367729     
  0.36880000000000002        361.85664367578585     
  0.36960000000000004        361.36720173986726     
  0.37040000000000001        361.25732325789335     
  0.37120000000000003        360.76705975605728     
  0.37200000000000000        360.65800284000090     
  0.37280000000000002        360.16691777224730     
  0.37360000000000004        360.05868242210846     
  0.37440000000000001        359.56677578843738     
  0.37520000000000003        359.45936200421602     
  0.37600000000000000        358.96663380462741     
  0.37680000000000002        358.86004158632358     
  0.37759999999999999        358.36649182081749     
  0.37840000000000001        358.26072116843113     
  0.37920000000000004        357.76634983700762     
  0.38000000000000000        357.66140075053863     
  0.38080000000000003        357.16620785319765     
  0.38159999999999999        357.06208033264608     
  0.38240000000000002        356.56606586938767     
  0.38320000000000004        356.46275991475358     
  0.38400000000000001        355.96592388557775     
  0.38480000000000003        355.86343949686108     
  0.38560000000000000        355.36578190176778     
  0.38640000000000002        355.26411907896863     
  0.38720000000000004        354.76563991795780     
  0.38800000000000001        354.66479866107613     
  0.38880000000000003        354.16549793414782     
  0.38960000000000000        354.06547824318363     
  0.39040000000000002        353.56535595033785     
  0.39119999999999999        353.46615782529119     
  0.39200000000000002        352.96521396652787     
  0.39280000000000004        352.86683740739875     
  0.39360000000000001        352.36507198271789     
  0.39440000000000003        352.26751698950630     
  0.39520000000000000        351.76492999890797     
  0.39600000000000002        351.66819657161375     
  0.39680000000000004        351.16478801509800     
  0.39760000000000001        351.06887615372125     
  0.39840000000000003        350.56464603128808     
  0.39920000000000000        350.46955573582875     
  0.40000000000000002        349.96450404747816     
  0.40080000000000005        349.87023531793625     
  0.40160000000000001        349.36436206366830     
  0.40240000000000004        349.27091490004375     
  0.40320000000000000        348.76422007985849     
  0.40400000000000003        348.67159448215131     
  0.40479999999999999        348.16407809604863     
  0.40560000000000002        348.07227406425875     
  0.40640000000000004        347.56393611223871     
  0.40720000000000001        347.47295364636625     
  0.40800000000000003        346.96379412842884     
  0.40880000000000000        346.87363322847375     
  0.40960000000000002        346.36365214461887     
  0.41040000000000004        346.27431281058125     
  0.41120000000000001        345.76351016080889     
  0.41200000000000003        345.67499239268875     
  0.41280000000000000        345.16336817699897     
  0.41360000000000002        345.07567197479625     
  0.41440000000000005        344.56322619318905     
  0.41520000000000001        344.47635155690375     
  0.41600000000000004        343.96308420937913     
  0.41680000000000000        343.87703113901131     
  0.41760000000000003        343.36294222556921     
  0.41839999999999999        343.27771072111886     
  0.41920000000000002        342.76280024175935     
  0.42000000000000004        342.67839030322637     
  0.42080000000000001        342.16265825794949     
  0.42160000000000003        342.07906988533387     
  0.42240000000000000        341.56251627413963     
  0.42320000000000002        341.47974946744148     
  0.42400000000000004        340.96237429032971     
  0.42480000000000001        340.88042904954904     
  0.42560000000000003        340.36223230651984     
  0.42640000000000000        340.28110863165659     
  0.42720000000000002        339.76209032270998     
  0.42800000000000005        339.68178821376409     
  0.42880000000000001        339.16194833890006     
  0.42960000000000004        339.08246779587154     
  0.43040000000000000        338.56180635509014     
  0.43120000000000003        338.48314737797898     
  0.43200000000000000        337.96166437128016     
  0.43280000000000002        337.88382696008648     
  0.43360000000000004        337.36152238747030     
  0.43440000000000001        337.28450654219398     
  0.43520000000000003        336.76138040366038     
  0.43600000000000000        336.68518612430148     
  0.43680000000000002        336.16123841985046     
  0.43760000000000004        336.08586570640898     
  0.43840000000000001        335.56109643604054     
  0.43920000000000003        335.48654528851648     
  0.44000000000000000        334.96095445223057     
  0.44080000000000003        334.88722487062398     
  0.44160000000000005        334.36081246842065     
  0.44240000000000002        334.28790445273154     
  0.44320000000000004        333.76067048461073     
  0.44400000000000001        333.68858403483904     
  0.44480000000000003        333.16052850080081     
  0.44560000000000000        333.08926361694654     
  0.44640000000000002        332.56038651699089     
  0.44720000000000004        332.48994319905404     
  0.44800000000000001        331.96024453318097     
  0.44880000000000003        331.89062278116154     
  0.44960000000000000        331.36010254937105     
  0.45040000000000002        331.29130236326910     
  0.45120000000000005        330.75996056556113     
  0.45200000000000001        330.69198194537660     
  0.45280000000000004        330.15981858175121     
  0.45360000000000000        330.09266152748415     
  0.45440000000000003        329.55967659794129     
  0.45520000000000005        329.49334110959171     
  0.45600000000000002        328.95953461413131     
  0.45680000000000004        328.89402069169927     
  0.45760000000000001        328.35939263032139     
  0.45840000000000003        328.29470027380677     
  0.45920000000000000        327.75925064651148     
  0.46000000000000002        327.69537985591427     
  0.46080000000000004        327.15910866270156     
  0.46160000000000001        327.09605943802183     
  0.46240000000000003        326.55896667889164     
  0.46320000000000000        326.49673902012933     
  0.46400000000000002        325.95882469508172     
  0.46480000000000005        325.89741860223683     
  0.46560000000000001        325.35868271127180     
  0.46640000000000004        325.29809818434438     
  0.46720000000000000        324.75854072746193     
  0.46800000000000003        324.69877776645194     
  0.46880000000000005        324.15839874365207     
  0.46960000000000002        324.09945734855950     
  0.47040000000000004        323.55825675984221     
  0.47120000000000001        323.50013693066705     
  0.47200000000000003        322.95811477603240     
  0.47280000000000000        322.90081651277461     
  0.47360000000000002        322.35797279222260     
  0.47440000000000004        322.30149609488217     
  0.47520000000000001        321.75783080841285     
  0.47600000000000003        321.70217567698978     
  0.47680000000000000        321.15768882460304     
  0.47760000000000002        321.10285525909734     
  0.47840000000000005        320.55754684079324     
  0.47920000000000001        320.50353484120495     
  0.48000000000000004        319.95740485698349     
  0.48080000000000001        319.90421442331257     
  0.48160000000000003        319.35726287317374     
  0.48240000000000000        319.30489400542018     
  0.48320000000000002        318.75712088936388     
  0.48400000000000004        318.70557358752774     
  0.48480000000000001        318.15697890555413     
  0.48560000000000003        318.10625316963535     
  0.48640000000000000        317.55683692174438     
  0.48720000000000002        317.50693275174297     
  0.48800000000000004        316.95669493793463     
  0.48880000000000001        316.90761233385058     
  0.48960000000000004        316.35655295412488     
  0.49040000000000000        316.30829191595814     
  0.49120000000000003        315.75641097031513     
  0.49200000000000005        315.70897149806569     
  0.49280000000000002        315.15626898650538     
  0.49360000000000004        315.10965108017325     
  0.49440000000000001        314.55612700269563     
  0.49520000000000003        314.51033066228081     
  0.49600000000000000        313.95598501888594     
  0.49680000000000002        313.91101024438831     
  0.49760000000000004        313.35584303507625     
  0.49840000000000001        313.31168982649581     
  0.49920000000000003        312.75570105126661     
  0.50000000000000000        312.71236940860331     
  0.50080000000000002        312.70896280790254     
  0.50160000000000005        312.66569514767809     
  0.50240000000000007        312.66222456453852     
  0.50319999999999998        312.61902088675288     
  0.50400000000000000        312.61548632117450     
  0.50480000000000003        312.57234662582766     
  0.50560000000000005        312.56874807781054     
  0.50640000000000007        312.52567236490250     
  0.50719999999999998        312.52200983444658     
  0.50800000000000001        312.47899810397740     
  0.50880000000000003        312.47527159108262     
  0.50960000000000005        312.43232384305225     
  0.51040000000000008        312.42853334771866     
  0.51119999999999999        312.38564958212709     
  0.51200000000000001        312.38179510435469     
  0.51280000000000003        312.33897532120193     
  0.51360000000000006        312.33505686099073     
  0.51440000000000008        312.29230106027677     
  0.51519999999999999        312.28831861762671     
  0.51600000000000001        312.24562679935156     
  0.51680000000000004        312.24158037426270     
  0.51760000000000006        312.19895253842640     
  0.51839999999999997        312.19484213089868     
  0.51919999999999999        312.15227827750124     
  0.52000000000000002        312.14810388753472     
  0.52080000000000004        312.10560401657608     
  0.52160000000000006        312.10136564417070     
  0.52239999999999998        312.05892975565087     
  0.52320000000000000        312.05462740080674     
  0.52400000000000002        312.01225549472565     
  0.52480000000000004        312.00788915744272     
  0.52560000000000007        311.96558123380038     
  0.52639999999999998        311.96115091407876     
  0.52720000000000000        311.91890697287516     
  0.52800000000000002        311.91441267071480     
  0.52880000000000005        311.87223271194989     
  0.52960000000000007        311.86767442735078     
  0.53039999999999998        311.82555845102468     
  0.53120000000000001        311.82093618398682     
  0.53200000000000003        311.77888419009946     
  0.53280000000000005        311.77419794062280     
  0.53360000000000007        311.73220992917425     
  0.53439999999999999        311.72745969725878     
  0.53520000000000001        311.68553566824909     
  0.53600000000000003        311.68072145389471     
  0.53680000000000005        311.63886140732393     
  0.53760000000000008        311.63398321053074     
  0.53839999999999999        311.59218714639877     
  0.53920000000000001        311.58724496716673     
  0.54000000000000004        311.54551288547356     
  0.54080000000000006        311.54050672380276     
  0.54160000000000008        311.49883862454840     
  0.54239999999999999        311.49376848043875     
  0.54320000000000002        311.45216436362324     
  0.54400000000000004        311.44703023707478     
  0.54480000000000006        311.40549010269802     
  0.54559999999999997        311.40029199371077     
  0.54640000000000000        311.35881584177287     
  0.54720000000000002        311.35355375034675     
  0.54800000000000004        311.31214158084759     
  0.54880000000000007        311.30681550698273     
  0.54959999999999998        311.26546731992238     
  0.55040000000000000        311.26007726361871     
  0.55120000000000002        311.21879305899716     
  0.55200000000000005        311.21333902025464     
  0.55280000000000007        311.17211879807201     
  0.55359999999999998        311.16660077689062     
  0.55440000000000000        311.12544453714673     
  0.55520000000000003        311.11986253352660     
  0.55600000000000005        311.07877027622152     
  0.55680000000000007        311.07312429016258     
  0.55759999999999998        311.03209601529630     
  0.55840000000000001        311.02638604679856     
  0.55920000000000003        310.98542175437103     
  0.56000000000000005        310.97964780343460     
  0.56080000000000008        310.93874749344582     
  0.56159999999999999        310.93290956007058     
  0.56240000000000001        310.89207323252054     
  0.56320000000000003        310.88617131670657     
  0.56400000000000006        310.84539897159533     
  0.56480000000000008        310.83943307334249     
  0.56559999999999999        310.79872471067011     
  0.56640000000000001        310.79269482997842     
  0.56720000000000004        310.75205044974490     
  0.56800000000000006        310.74595658661440     
  0.56879999999999997        310.70537618881968     
  0.56960000000000000        310.69921834325038     
  0.57040000000000002        310.65870192789447     
  0.57120000000000004        310.65248009988636     
  0.57200000000000006        310.61202766696925     
  0.57279999999999998        310.60574185652240     
  0.57360000000000000        310.56535340604398     
  0.57440000000000002        310.55900361315850     
  0.57520000000000004        310.51867914511871     
  0.57600000000000007        310.51226536979448     
  0.57679999999999998        310.47200488419350     
  0.57760000000000000        310.46552712643057     
  0.57840000000000003        310.42533062326828     
  0.57920000000000005        310.41878888306661     
  0.58000000000000007        310.37865636234307     
  0.58079999999999998        310.37205063970271     
  0.58160000000000001        310.33198210141791     
  0.58240000000000003        310.32531239633875     
  0.58320000000000005        310.28530784049275     
  0.58400000000000007        310.27857415297478     
  0.58479999999999999        310.23863357956759     
  0.58560000000000001        310.23183590961082     
  0.58640000000000003        310.19195931864243     
  0.58720000000000006        310.18509766624692     
  0.58800000000000008        310.14528505771733     
  0.58879999999999999        310.13835942288296     
  0.58960000000000001        310.09861079679223     
  0.59040000000000004        310.09162117951894     
  0.59120000000000006        310.05193653586713     
  0.59200000000000008        310.04488293615492     
  0.59279999999999999        310.00526227494203     
  0.59360000000000002        309.99814469279090     
  0.59440000000000004        309.95858801401687     
  0.59520000000000006        309.95140644942694     
  0.59599999999999997        309.91191375309177     
  0.59680000000000000        309.90466820606292     
  0.59760000000000002        309.86523949216667     
  0.59840000000000004        309.85792996269896     
  0.59920000000000007        309.81856523124156     
  0.59999999999999998        309.81119171933494     
  0.60080000000000000        309.77189097031652     
  0.60160000000000002        309.76445347597092     
  0.60240000000000005        309.72521670939147     
  0.60320000000000007        309.71771523260691     
  0.60399999999999998        309.67854244846643     
  0.60480000000000000        309.67097698924294     
  0.60560000000000003        309.63186818754139     
  0.60640000000000005        309.62423874587898     
  0.60720000000000007        309.58519392661634     
  0.60799999999999998        309.57750050251502     
  0.60880000000000001        309.53851966569135     
  0.60960000000000003        309.53076225915106     
  0.61040000000000005        309.49184540476642     
  0.61120000000000008        309.48402401578710     
  0.61199999999999999        309.44517114384143     
  0.61280000000000001        309.43728577242308     
  0.61360000000000003        309.39849688291650     
  0.61440000000000006        309.39054752905912     
  0.61520000000000008        309.35182262199157     
  0.61599999999999999        309.34380928569510     
  0.61680000000000001        309.30514836106664     
  0.61760000000000004        309.29707104233108     
  0.61840000000000006        309.25847410014171     
  0.61920000000000008        309.25033279896701     
  0.62000000000000000        309.21179983921678     
  0.62080000000000002        309.20359455560293     
  0.62160000000000004        309.16512557829191     
  0.62240000000000006        309.15685631223892     
  0.62319999999999998        309.11845131736703     
  0.62400000000000000        309.11011806887484     
  0.62480000000000002        309.07177705644216     
  0.62560000000000004        309.06337982551082     
  0.62640000000000007        309.02510279551728     
  0.62719999999999998        309.01664158214680     
  0.62800000000000000        308.97842853459241     
  0.62880000000000003        308.96990333878279     
  0.62960000000000005        308.93175427366754     
  0.63040000000000007        308.92316509541877     
  0.63119999999999998        308.88508001274261     
  0.63200000000000001        308.87642685205469     
  0.63280000000000003        308.83840575181767     
  0.63360000000000005        308.82968860869062     
  0.63440000000000007        308.79173149089274     
  0.63519999999999999        308.78295036532660     
  0.63600000000000001        308.74505722996776     
  0.63680000000000003        308.73621212196258     
  0.63760000000000006        308.69838296904283     
  0.63840000000000008        308.68947387859851     
  0.63919999999999999        308.65170870811789     
  0.64000000000000001        308.64273563523443     
  0.64080000000000004        308.60503444719291     
  0.64160000000000006        308.59599739187036     
  0.64240000000000008        308.55836018626792     
  0.64319999999999999        308.54925914850628     
  0.64400000000000002        308.51168592534299     
  0.64480000000000004        308.50252090514221     
  0.64560000000000006        308.46501166441806     
  0.64640000000000009        308.45578266177813     
  0.64720000000000000        308.41833740349307     
  0.64800000000000002        308.40904441841400     
  0.64880000000000004        308.37166314256808     
  0.64960000000000007        308.36230617504992     
  0.65039999999999998        308.32498888164304     
  0.65120000000000000        308.31556793168591     
  0.65200000000000002        308.27831462071799     
  0.65280000000000005        308.26882968832194     
  0.65360000000000007        308.23164035979295     
  0.65439999999999998        308.22209144495793     
  0.65520000000000000        308.18496609886790     
  0.65600000000000003        308.17535320159396     
  0.65680000000000005        308.13829183794286     
  0.65760000000000007        308.12861495823000     
  0.65839999999999999        308.09161757701781     
  0.65920000000000001        308.08187671486598     
  0.66000000000000003        308.04494331609277     
  0.66080000000000005        308.03513847150202     
  0.66160000000000008        307.99826905516767     
  0.66239999999999999        307.98840022813806     
  0.66320000000000001        307.95159479424262     
  0.66400000000000003        307.94166198477410     
  0.66480000000000006        307.90492053331764     
  0.66560000000000008        307.89492374141014     
  0.66639999999999999        307.85824627239259     
  0.66720000000000002        307.84818549804612     
  0.66800000000000004        307.81157201146755     
  0.66880000000000006        307.80144725468216     
  0.66960000000000008        307.76489775054256     
  0.67040000000000000        307.75470901131820     
  0.67120000000000002        307.71822348961757     
  0.67200000000000004        307.70797076795429     
  0.67280000000000006        307.67154922869258     
  0.67360000000000009        307.66123252459039     
  0.67440000000000000        307.62487496776760     
  0.67520000000000002        307.61449428122648     
  0.67600000000000005        307.57820070684255     
  0.67680000000000007        307.56775603786258     
  0.67759999999999998        307.53152644591756     
  0.67840000000000000        307.52101779449868     
  0.67920000000000003        307.48485218499258     
  0.68000000000000005        307.47427955113477     
  0.68080000000000007        307.43817792406759     
  0.68159999999999998        307.42754130777092     
  0.68240000000000001        307.39150366314260     
  0.68320000000000003        307.38080306440708     
  0.68400000000000005        307.34482940221761     
  0.68480000000000008        307.33406482104323     
  0.68559999999999999        307.29815514129257     
  0.68640000000000001        307.28732657767938     
  0.68720000000000003        307.25148088036758     
  0.68800000000000006        307.24058833431553     
  0.68880000000000008        307.20480661944259     
  0.68959999999999999        307.19385009095168     
  0.69040000000000001        307.15813235851755     
  0.69120000000000004        307.14711184758789     
  0.69200000000000006        307.11145809759250     
  0.69280000000000008        307.10037360422410     
  0.69359999999999999        307.06478383666746     
  0.69440000000000002        307.05363536086026     
  0.69520000000000004        307.01810957574241     
  0.69600000000000006        307.00689711749641     
  0.69680000000000009        306.97143531481743     
  0.69760000000000000        306.96015887413256     
  0.69840000000000002        306.92476105389244     
  0.69920000000000004        306.91342063076866     
  0.70000000000000007        306.87808679296739     
  0.70079999999999998        306.86668238740481     
  0.70160000000000000        306.83141253204235     
  0.70240000000000002        306.81994414404102     
  0.70320000000000005        306.78473827111731     
  0.70400000000000007        306.77320590067723     
  0.70479999999999998        306.73806401019220     
  0.70560000000000000        306.72646765731338     
  0.70640000000000003        306.69138974926716     
  0.70720000000000005        306.67972941394953     
  0.70800000000000007        306.64471548834211     
  0.70879999999999999        306.63299117058568     
  0.70960000000000001        306.59804122741701     
  0.71040000000000003        306.58625292722189     
  0.71120000000000005        306.55136696649197     
  0.71200000000000008        306.53951468385804     
  0.71279999999999999        306.50469270556687     
  0.71360000000000001        306.49277644049420     
  0.71440000000000003        306.45801844464182     
  0.71520000000000006        306.44603819713035     
  0.71600000000000008        306.41134418371678     
  0.71679999999999999        306.39929995376644     
  0.71760000000000002        306.36466992279179     
  0.71840000000000004        306.35256171040254     
  0.71920000000000006        306.31799566186675     
  0.72000000000000008        306.30582346703864     
  0.72080000000000000        306.27132140094176     
  0.72160000000000002        306.25908522367467     
  0.72240000000000004        306.22464714001683     
  0.72320000000000007        306.21234698031077     
  0.72400000000000009        306.17797287909184     
  0.72480000000000000        306.16560873694692     
  0.72560000000000002        306.13129861816691     
  0.72640000000000005        306.11887049358302     
  0.72720000000000007        306.08462435724192     
  0.72799999999999998        306.07213225021911     
  0.72880000000000000        306.03795009631693     
  0.72960000000000003        306.02539400685521     
  0.73040000000000005        305.99127583539189     
  0.73120000000000007        305.97865576349130     
  0.73199999999999998        305.94460157446684     
  0.73280000000000001        305.93191752012740     
  0.73360000000000003        305.89792731354180     
  0.73440000000000005        305.88517927676344     
  0.73520000000000008        305.85125305261670     
  0.73599999999999999        305.83844103339953     
  0.73680000000000001        305.80457879169160     
  0.73760000000000003        305.79170279003563     
  0.73840000000000006        305.75790453076655     
  0.73920000000000008        305.74496454667167     
  0.73999999999999999        305.71123026984151     
  0.74080000000000001        305.69822630330771     
  0.74160000000000004        305.66455600891646     
  0.74240000000000006        305.65148805994374     
  0.74320000000000008        305.61788174799142     
  0.74399999999999999        305.60474981657984     
  0.74480000000000002        305.57120748706637     
  0.74560000000000004        305.55801157321588     
  0.74640000000000006        305.52453322614133     
  0.74720000000000009        305.51127332985186     
  0.74800000000000000        305.47785896521629     
  0.74880000000000002        305.46453508648790     
  0.74960000000000004        305.43118470429124     
  0.75040000000000007        305.41779684312388     
  0.75120000000000009        305.38451044336620     
  0.75200000000000000        305.37105859975981     
  0.75280000000000002        305.33783618244115     
  0.75360000000000005        305.32432035639573     
  0.75440000000000007        305.29116192151611     
  0.75519999999999998        305.27758211303171     
  0.75600000000000001        305.24448766059106     
  0.75680000000000003        305.23084386966764     
  0.75760000000000005        305.19781339966602     
  0.75840000000000007        305.18410562630362     
  0.75919999999999999        305.15113913874092     
  0.76000000000000001        305.13736738293960     
  0.76080000000000003        305.10446487781593     
  0.76160000000000005        305.09062913957558     
  0.76240000000000008        305.05779061689094     
  0.76319999999999999        305.04389089621151     
  0.76400000000000001        305.01111635596590     
  0.76480000000000004        304.99715265284743     
  0.76560000000000006        304.96444209504091     
  0.76640000000000008        304.95041440948336     
  0.76719999999999999        304.91776783411586     
  0.76800000000000002        304.90367616611928     
  0.76880000000000004        304.87109357319082     
  0.76960000000000006        304.85693792275526     
  0.77040000000000008        304.82441931226577     
  0.77120000000000000        304.81019967939119     
  0.77200000000000002        304.77774505134073     
  0.77280000000000004        304.76346143602717     
  0.77360000000000007        304.73107079041569     
  0.77440000000000009        304.71672319266315     
  0.77520000000000000        304.68439652949064     
  0.77600000000000002        304.66998494929908     
  0.77680000000000005        304.63772226856565     
  0.77760000000000007        304.62324670593500     
  0.77840000000000009        304.59104800764067     
  0.77920000000000000        304.57650846257098     
  0.78000000000000003        304.54437374671568     
  0.78080000000000005        304.52977021920691     
  0.78160000000000007        304.49769948579075     
  0.78239999999999998        304.48303197584283     
  0.78320000000000001        304.45102522486576     
  0.78400000000000003        304.43629373247876     
  0.78480000000000005        304.40435096394077     
  0.78560000000000008        304.38955548911468     
  0.78639999999999999        304.35767670301584     
  0.78720000000000001        304.34281724575055     
  0.78800000000000003        304.31100244209085     
  0.78880000000000006        304.29607900238642     
  0.78960000000000008        304.26432818116581     
  0.79039999999999999        304.24934075902235     
  0.79120000000000001        304.21765392024082     
  0.79200000000000004        304.20260251565827     
  0.79280000000000006        304.17097965931583     
  0.79360000000000008        304.15586427229420     
  0.79440000000000000        304.12430539839085     
  0.79520000000000002        304.10912602893012     
  0.79600000000000004        304.07763113746586     
  0.79680000000000006        304.06238778556605     
  0.79760000000000009        304.03095687654081     
  0.79840000000000000        304.01564954220203     
  0.79920000000000002        303.98428261561577     
  0.80000000000000004        303.96891129883801     
  0.80080000000000007        303.93760835469072     
  0.80160000000000009        303.92217305547399     
  0.80240000000000000        303.89093409376562     
  0.80320000000000003        303.87543481211003     
  0.80400000000000005        303.84425983284058     
  0.80480000000000007        303.82869656874601     
  0.80560000000000009        303.79758557191553     
  0.80640000000000001        303.78195832538205     
  0.80720000000000003        303.75091131099049     
  0.80800000000000005        303.73522008201803     
  0.80880000000000007        303.70423705006550     
  0.80959999999999999        303.68848183865407     
  0.81040000000000001        303.65756278914051     
  0.81120000000000003        303.64174359529011     
  0.81200000000000006        303.61088852821558     
  0.81280000000000008        303.59500535192609     
  0.81359999999999999        303.56421426729065     
  0.81440000000000001        303.54826710856213     
  0.81520000000000004        303.51754000636566     
  0.81600000000000006        303.50152886519805     
  0.81680000000000008        303.47086574544068     
  0.81759999999999999        303.45479062183398     
  0.81840000000000002        303.42419148451575     
  0.81920000000000004        303.40805237846996     
  0.82000000000000006        303.37751722359076     
  0.82080000000000009        303.36131413510594     
  0.82160000000000000        303.33084296266577     
  0.82240000000000002        303.31457589174192     
  0.82320000000000004        303.28416870174078     
  0.82400000000000007        303.26783764837791     
  0.82480000000000009        303.23749444081585     
  0.82560000000000000        303.22109940501389     
  0.82640000000000002        303.19082017989086     
  0.82720000000000005        303.17436116164981     
  0.82800000000000007        303.14414591896599     
  0.82880000000000009        303.12762291828579     
  0.82960000000000000        303.09747165804112     
  0.83040000000000003        303.08088467492178     
  0.83120000000000005        303.05079739711624     
  0.83200000000000007        303.03414643155776     
  0.83279999999999998        303.00412313619131     
  0.83360000000000001        302.98740818819368     
  0.83440000000000003        302.95744887526644     
  0.83520000000000005        302.94066994482961     
  0.83600000000000008        302.91077461434151     
  0.83679999999999999        302.89393170146553     
  0.83760000000000001        302.86410035341663     
  0.83840000000000003        302.84719345810146     
  0.83920000000000006        302.81742609249176     
  0.84000000000000008        302.80045521473744     
  0.84079999999999999        302.77075183156688     
  0.84160000000000001        302.75371697137336     
  0.84240000000000004        302.72407757064201     
  0.84320000000000006        302.70697872800929     
  0.84400000000000008        302.67740330971719     
  0.84480000000000000        302.66024048464521     
  0.84560000000000002        302.63072904879232     
  0.84640000000000004        302.61350224128114     
  0.84720000000000006        302.58405478786750     
  0.84800000000000009        302.56676399791706     
  0.84880000000000000        302.53738052694268     
  0.84960000000000002        302.52002575455293     
  0.85040000000000004        302.49070626601787     
  0.85120000000000007        302.47328751118880     
  0.85200000000000009        302.44403200509299     
  0.85280000000000000        302.42654926782467     
  0.85360000000000003        302.39735774416812     
  0.85440000000000005        302.37981102446054     
  0.85520000000000007        302.35068348324319     
  0.85600000000000009        302.33307278109635     
  0.85680000000000001        302.30400922231831     
  0.85760000000000003        302.28633453773222     
  0.85840000000000005        302.25733496139344     
  0.85920000000000007        302.23959629436814     
  0.85999999999999999        302.21066070046857     
  0.86080000000000001        302.19285805100407     
  0.86160000000000003        302.16398643954375     
  0.86240000000000006        302.14611980763999     
  0.86320000000000008        302.11731217861887     
  0.86399999999999999        302.09938156427586     
  0.86480000000000001        302.07063791769400     
  0.86560000000000004        302.05264332091173     
  0.86640000000000006        302.02396365676913     
  0.86720000000000008        302.00590507754760     
  0.86799999999999999        301.97728939584420     
  0.86880000000000002        301.95916683418346     
  0.86960000000000004        301.93061513491921     
  0.87040000000000006        301.91242859081933     
  0.87120000000000009        301.88394087399428     
  0.87200000000000000        301.86569034745520     
  0.87280000000000002        301.83726661306935     
  0.87360000000000004        301.81895210409107     
  0.87440000000000007        301.79059235214442     
  0.87520000000000009        301.77221386072688     
  0.87600000000000000        301.74391809121954     
  0.87680000000000002        301.72547561736269     
  0.87760000000000005        301.69724383029461     
  0.87840000000000007        301.67873737399856     
  0.87920000000000009        301.65056956936974     
  0.88000000000000000        301.63199913063443     
  0.88080000000000003        301.60389530844481     
  0.88160000000000005        301.58526088727029     
  0.88240000000000007        301.55722104751993     
  0.88320000000000010        301.53852264390616     
  0.88400000000000001        301.51054678659500     
  0.88480000000000003        301.49178440054209     
  0.88560000000000005        301.46387252567013     
  0.88640000000000008        301.44504615717796     
  0.88719999999999999        301.41719826474520     
  0.88800000000000001        301.39830791381382     
  0.88880000000000003        301.37052400382026     
  0.88960000000000006        301.35156967044969     
  0.89040000000000008        301.32384974289533     
  0.89119999999999999        301.30483142708556     
  0.89200000000000002        301.27717548197040     
  0.89280000000000004        301.25809318372143     
  0.89360000000000006        301.23050122104542     
  0.89440000000000008        301.21135494035735     
  0.89520000000000000        301.18382696012048     
  0.89600000000000002        301.16461669699328     
  0.89680000000000004        301.13715269919550     
  0.89760000000000006        301.11787845362920     
  0.89840000000000009        301.09047843827051     
  0.89920000000000000        301.07114021026513     
  0.90000000000000002        301.04380417734558     
  0.90080000000000005        301.02440196690111     
  0.90160000000000007        300.99712991642065     
  0.90240000000000009        300.97766372353703     
  0.90320000000000000        300.95045565549572     
  0.90400000000000003        300.93092548017296     
  0.90480000000000005        300.90378139457079     
  0.90560000000000007        300.88418723680883     
  0.90640000000000009        300.85710713364585     
  0.90720000000000001        300.83744899344470     
  0.90800000000000003        300.81043287272092     
  0.90880000000000005        300.79071075008068     
  0.90960000000000008        300.76375861179599     
  0.91040000000000010        300.74397250671660     
  0.91120000000000001        300.71708435087112     
  0.91200000000000003        300.69723426335253     
  0.91280000000000006        300.67041008994624     
  0.91360000000000008        300.65049601998840     
  0.91439999999999999        300.62373582902131     
  0.91520000000000001        300.60375777662421     
  0.91600000000000004        300.57706156809638     
  0.91680000000000006        300.55701953326013     
  0.91760000000000008        300.53038730717145     
  0.91839999999999999        300.51028128989600     
  0.91920000000000002        300.48371304624658     
  0.92000000000000004        300.46354304653192     
  0.92080000000000006        300.43703878532170     
  0.92160000000000009        300.41680480316779     
  0.92240000000000000        300.39036452439683     
  0.92320000000000002        300.37006655980366     
  0.92400000000000004        300.34369026347196     
  0.92480000000000007        300.32332831643947     
  0.92560000000000009        300.29701600254702     
  0.92640000000000000        300.27659007307528     
  0.92720000000000002        300.25034174162204     
  0.92800000000000005        300.22985182971109     
  0.92880000000000007        300.20366748069716     
  0.92960000000000009        300.18311358634691     
  0.93040000000000000        300.15699321977223     
  0.93120000000000003        300.13637534298272     
  0.93200000000000005        300.11031895884724     
  0.93280000000000007        300.08963709961859     
  0.93360000000000010        300.06364469792231     
  0.93440000000000001        300.04289885625440     
  0.93520000000000003        300.01697043699733     
  0.93600000000000005        299.99616061289021     
  0.93680000000000008        299.97029617607234     
  0.93760000000000010        299.94942236952596     
  0.93840000000000001        299.92362191514741     
  0.93920000000000003        299.90268412616172     
  0.94000000000000006        299.87694765422242     
  0.94080000000000008        299.85594588279753     
  0.94159999999999999        299.83027339329749     
  0.94240000000000002        299.80920763943334     
  0.94320000000000004        299.78359913237256     
  0.94400000000000006        299.76246939606915     
  0.94480000000000008        299.73692487144763     
  0.94560000000000000        299.71573115270496     
  0.94640000000000002        299.69025061052264     
  0.94720000000000004        299.66899290934077     
  0.94800000000000006        299.64357634959771     
  0.94880000000000009        299.62225466597658     
  0.94960000000000000        299.59690208867278     
  0.95040000000000002        299.57551642261240     
  0.95120000000000005        299.55022782774785     
  0.95200000000000007        299.52877817924821     
  0.95280000000000009        299.50355356682292     
  0.95360000000000000        299.48203993588396     
  0.95440000000000003        299.45687930589798     
  0.95520000000000005        299.43530169251972     
  0.95600000000000007        299.41020504497305     
  0.95680000000000009        299.38856344915547     
  0.95760000000000001        299.36353078404818     
  0.95840000000000003        299.34182520579122     
  0.95920000000000005        299.31685652312325     
  0.96000000000000008        299.29508696242698     
  0.96080000000000010        299.27018226219832     
  0.96160000000000001        299.24834871906273     
  0.96240000000000003        299.22350800127339     
  0.96320000000000006        299.20161047569849     
  0.96400000000000008        299.17683374034846     
  0.96479999999999999        299.15487223233418     
  0.96560000000000001        299.13015947942353     
  0.96640000000000004        299.10813398896988     
  0.96720000000000006        299.08348521849859     
  0.96800000000000008        299.06139574560558     
  0.96879999999999999        299.03681095757372     
  0.96960000000000002        299.01465750224128     
  0.97040000000000004        298.99013669664873     
  0.97120000000000006        298.96791925887698     
  0.97200000000000009        298.94346243572375     
  0.97280000000000000        298.92118101551262     
  0.97360000000000002        298.89678817479881     
  0.97440000000000004        298.87444277214826     
  0.97520000000000007        298.85011391387388     
  0.97600000000000009        298.82770452878390     
  0.97680000000000000        298.80343965294901     
  0.97760000000000002        298.78096628541954     
  0.97840000000000005        298.75676539202408     
  0.97920000000000007        298.73422804205524     
  0.98000000000000009        298.71009113109915     
  0.98080000000000001        298.68748979869088     
  0.98160000000000003        298.66341687017427     
  0.98240000000000005        298.64075155532646     
  0.98320000000000007        298.61674260924934     
  0.98400000000000010        298.59401331196204     
  0.98480000000000001        298.57006834832441     
  0.98560000000000003        298.54727506859763     
  0.98640000000000005        298.52339408739948     
  0.98720000000000008        298.50053682523321     
  0.98800000000000010        298.47671982647455     
  0.98880000000000001        298.45379858186880     
  0.98960000000000004        298.43004556554962     
  0.99040000000000006        298.40706033850432     
  0.99120000000000008        298.38337130462469     
  0.99199999999999999        298.36032209513991     
  0.99280000000000002        298.33669704369976     
  0.99360000000000004        298.31358385177549     
  0.99440000000000006        298.29002278277483     
  0.99520000000000008        298.26684560841107     
  0.99600000000000000        298.24334852184990     
  0.99680000000000002        298.22010736504666     
  0.99760000000000004        298.19667426092496     
  0.99840000000000007        298.17336912168219     
  0.99920000000000009        298.14999999999998     
