   0.0000000000000000        500.00000000000000     
   5.7142857142857147E-004   499.78596406390193     
   1.1428571428571429E-003   499.57150915332249     
   1.7142857142857144E-003   499.35789219170550     
   2.2857142857142859E-003   499.14301830664488     
   2.8571428571428576E-003   498.92982031950919     
   3.4285714285714288E-003   498.71452745996714     
   4.0000000000000001E-003   498.50174844731293     
   4.5714285714285718E-003   498.28603661328953     
   5.1428571428571435E-003   498.07367657511662     
   5.7142857142857151E-003   497.85754576661185     
   6.2857142857142860E-003   497.64560470292042     
   6.8571428571428577E-003   497.42905491993423     
   7.4285714285714293E-003   497.21753283072417     
   8.0000000000000002E-003   497.00056407325661     
   8.5714285714285719E-003   496.78946095852797     
   9.1428571428571435E-003   496.57207322657899     
   9.7142857142857152E-003   496.36138908633177     
   1.0285714285714287E-002   496.14358237990132     
   1.0857142857142859E-002   495.93331721413551     
   1.1428571428571430E-002   495.71509153322370     
   1.2000000000000000E-002   495.50524534193920     
   1.2571428571428572E-002   495.28660068654608     
   1.3142857142857144E-002   495.07717346974283     
   1.3714285714285715E-002   494.85810983986846     
   1.4285714285714287E-002   494.64910159754646     
   1.4857142857142859E-002   494.42961899319090     
   1.5428571428571430E-002   494.22102972535021     
   1.6000000000000000E-002   494.00112814651328     
   1.6571428571428574E-002   493.79295785315401     
   1.7142857142857144E-002   493.57263729983561     
   1.7714285714285717E-002   493.36488598095769     
   1.8285714285714287E-002   493.14414645315793     
   1.8857142857142857E-002   492.93681410876150     
   1.9428571428571430E-002   492.71565560648025     
   2.0000000000000000E-002   492.50874223656524     
   2.0571428571428574E-002   492.28716475980264     
   2.1142857142857144E-002   492.08067036436893     
   2.1714285714285717E-002   491.85867391312496     
   2.2285714285714287E-002   491.65259849217273     
   2.2857142857142861E-002   491.43018306644717     
   2.3428571428571431E-002   491.22452661997642     
   2.4000000000000000E-002   491.00169221976944     
   2.4571428571428574E-002   490.79645474778010     
   2.5142857142857144E-002   490.57320137309165     
   2.5714285714285717E-002   490.36838287558385     
   2.6285714285714287E-002   490.14471052641392     
   2.6857142857142861E-002   489.94031100338771     
   2.7428571428571431E-002   489.71621967973613     
   2.8000000000000001E-002   489.51223913119151     
   2.8571428571428574E-002   489.28772883305834     
   2.9142857142857144E-002   489.08416725899531     
   2.9714285714285717E-002   488.85923798638055     
   3.0285714285714287E-002   488.65609538679917     
   3.0857142857142861E-002   488.43074713970276     
   3.1428571428571431E-002   488.22802351460308     
   3.2000000000000001E-002   488.00225629302491     
   3.2571428571428571E-002   487.79995164240688     
   3.3142857142857148E-002   487.57376544634712     
   3.3714285714285717E-002   487.37187977021074     
   3.4285714285714287E-002   487.14527459966928     
   3.4857142857142857E-002   486.94380789801460     
   3.5428571428571434E-002   486.71678375299143     
   3.6000000000000004E-002   486.51573602581840     
   3.6571428571428574E-002   486.28829290631353     
   3.7142857142857144E-002   486.08766415362220     
   3.7714285714285714E-002   485.85980205963557     
   3.8285714285714291E-002   485.65959228142594     
   3.8857142857142861E-002   485.43131121295767     
   3.9428571428571431E-002   485.23152040922969     
   4.0000000000000001E-002   485.00282036627982     
   4.0571428571428578E-002   484.80344853703349     
   4.1142857142857148E-002   484.57432951960197     
   4.1714285714285718E-002   484.37537666483723     
   4.2285714285714288E-002   484.14583867292413     
   4.2857142857142858E-002   483.94730479264103     
   4.3428571428571434E-002   483.71734782624634     
   4.4000000000000004E-002   483.51923292044489     
   4.4571428571428574E-002   483.28885697956849     
   4.5142857142857144E-002   483.09116104824875     
   4.5714285714285721E-002   482.86036613289065     
   4.6285714285714291E-002   482.66308917605267     
   4.6857142857142861E-002   482.43187528621280     
   4.7428571428571431E-002   482.23501730385658     
   4.8000000000000001E-002   482.00338443953495     
   4.8571428571428578E-002   481.80694543166049     
   4.9142857142857148E-002   481.57489359285711     
   4.9714285714285718E-002   481.37887355946435     
   5.0285714285714288E-002   481.14640274617932     
   5.0857142857142858E-002   480.95080168726821     
   5.1428571428571435E-002   480.71791189950147     
   5.2000000000000005E-002   480.52272981507207     
   5.2571428571428575E-002   480.28942105282363     
   5.3142857142857144E-002   480.09465794287593     
   5.3714285714285721E-002   479.86093020614584     
   5.4285714285714291E-002   479.66658607067973     
   5.4857142857142861E-002   479.43243935946811     
   5.5428571428571431E-002   479.23851419848353     
   5.6000000000000001E-002   479.00394851279032     
   5.6571428571428578E-002   478.81044232628744     
   5.7142857142857148E-002   478.57545766611253     
   5.7714285714285718E-002   478.38237045409130     
   5.8285714285714288E-002   478.14696681943468     
   5.8857142857142865E-002   477.95429858189527     
   5.9428571428571435E-002   477.71847597275689     
   6.0000000000000005E-002   477.52622670969919     
   6.0571428571428575E-002   477.28998512607905     
   6.1142857142857145E-002   477.09815483750310     
   6.1714285714285722E-002   476.86149427940126     
   6.2285714285714291E-002   476.67008296530713     
   6.2857142857142861E-002   476.43300343272341     
   6.3428571428571431E-002   476.24201109311116     
   6.4000000000000001E-002   476.00451258604556     
   6.4571428571428571E-002   475.81393922091513     
   6.5142857142857141E-002   475.57602173936772     
   6.5714285714285725E-002   475.38586734871905     
   6.6285714285714295E-002   475.14753089269004     
   6.6857142857142865E-002   474.95779547652296     
   6.7428571428571435E-002   474.71904004601225     
   6.8000000000000005E-002   474.52972360432688     
   6.8571428571428575E-002   474.29054919933452     
   6.9142857142857145E-002   474.10165173213073     
   6.9714285714285715E-002   473.86205835265679     
   7.0285714285714285E-002   473.67357985993465     
   7.0857142857142869E-002   473.43356750597900     
   7.1428571428571438E-002   473.24550798773862     
   7.2000000000000008E-002   473.00507665930121     
   7.2571428571428578E-002   472.81743611554259     
   7.3142857142857148E-002   472.57658581262348     
   7.3714285714285718E-002   472.38936424334651     
   7.4285714285714288E-002   472.14809496594569     
   7.4857142857142858E-002   471.96129237115036     
   7.5428571428571428E-002   471.71960411926796     
   7.6000000000000012E-002   471.53322049895434     
   7.6571428571428582E-002   471.29111327259022     
   7.7142857142857152E-002   471.10514862675825     
   7.7714285714285722E-002   470.86262242591255     
   7.8285714285714292E-002   470.67707675456222     
   7.8857142857142862E-002   470.43413157923476     
   7.9428571428571432E-002   470.24900488236619     
   8.0000000000000002E-002   470.00564073255714     
   8.0571428571428572E-002   469.82093301017022     
   8.1142857142857155E-002   469.57714988587946     
   8.1714285714285725E-002   469.39286113797425     
   8.2285714285714295E-002   469.14865903920179     
   8.2857142857142865E-002   468.96478926577822     
   8.3428571428571435E-002   468.72016819252411     
   8.4000000000000005E-002   468.53671739358225     
   8.4571428571428575E-002   468.29167734584644     
   8.5142857142857145E-002   468.10864552138622     
   8.5714285714285715E-002   467.86318649916871     
   8.6285714285714299E-002   467.68057364919019     
   8.6857142857142869E-002   467.43469565249097     
   8.7428571428571439E-002   467.25250177699417     
   8.8000000000000009E-002   467.00620480581318     
   8.8571428571428579E-002   466.82442990479819     
   8.9142857142857149E-002   466.57771395913539     
   8.9714285714285719E-002   466.39635803260222     
   9.0285714285714289E-002   466.14922311245755     
   9.0857142857142859E-002   465.96828616040625     
   9.1428571428571442E-002   465.72073226577965     
   9.2000000000000012E-002   465.54021428821022     
   9.2571428571428582E-002   465.29224141910186     
   9.3142857142857152E-002   465.11214241601419     
   9.3714285714285722E-002   464.86375057242401     
   9.4285714285714292E-002   464.68407054381817     
   9.4857142857142862E-002   464.43525972574611     
   9.5428571428571432E-002   464.25599867162208     
   9.6000000000000002E-002   464.00676887906820     
   9.6571428571428572E-002   463.82792679942617     
   9.7142857142857156E-002   463.57827803239030     
   9.7714285714285726E-002   463.39985492723025     
   9.8285714285714296E-002   463.14978718571240     
   9.8857142857142866E-002   462.97178305503428     
   9.9428571428571436E-002   462.72129633903450     
  0.10000000000000001        462.54371118283836     
  0.10057142857142858        462.29280549235659     
  0.10114285714285715        462.11563931064245     
  0.10171428571428572        461.86431464567875     
  0.10228571428571430        461.68756743844654     
  0.10285714285714287        461.43582379900079     
  0.10342857142857144        461.25949556625068     
  0.10400000000000001        461.00733295232283     
  0.10457142857142858        460.83142369405482     
  0.10514285714285715        460.57884210564487     
  0.10571428571428572        460.40335182185891     
  0.10628571428571429        460.15035125896691     
  0.10685714285714286        459.97527994966293     
  0.10742857142857144        459.72186041228895     
  0.10800000000000001        459.54720807746691     
  0.10857142857142858        459.29336956561099     
  0.10914285714285715        459.11913620527093     
  0.10971428571428572        458.86487871893297     
  0.11028571428571429        458.69106433307496     
  0.11085714285714286        458.43638787225501     
  0.11142857142857143        458.26299246087893     
  0.11200000000000000        458.00789702557699     
  0.11257142857142859        457.83492058868291     
  0.11314285714285716        457.57940617889898     
  0.11371428571428573        457.40684871648688     
  0.11428571428571430        457.15091533222090     
  0.11485714285714287        456.97877684429085     
  0.11542857142857144        456.72242448554277     
  0.11600000000000001        456.55070497209476     
  0.11657142857142858        456.29393363886464     
  0.11714285714285715        456.12263309989868     
  0.11771428571428573        455.86544279218651     
  0.11828571428571430        455.69456122770259     
  0.11885714285714287        455.43695194550838     
  0.11942857142857144        455.26648935550656     
  0.12000000000000001        455.00846109883037     
  0.12057142857142858        454.83841748331054     
  0.12114285714285715        454.57997025215235     
  0.12171428571428572        454.41034561111445     
  0.12228571428571429        454.15147940547439     
  0.12285714285714287        453.98227373891825     
  0.12342857142857144        453.72298855879637     
  0.12400000000000001        453.55420186672211     
  0.12457142857142858        453.29449771211847     
  0.12514285714285714        453.12612999452602     
  0.12571428571428572        452.86600686544057     
  0.12628571428571431        452.69805812232994     
  0.12685714285714286        452.43751601876266     
  0.12742857142857145        452.26998625013380     
  0.12800000000000000        452.00902517208470     
  0.12857142857142859        451.84191437793766     
  0.12914285714285714        451.58053432540680     
  0.12971428571428573        451.41384250574157     
  0.13028571428571428        451.15204347872896     
  0.13085714285714287        450.98577063354543     
  0.13142857142857145        450.72355263205105     
  0.13200000000000001        450.55769876134923     
  0.13257142857142859        450.29506178537315     
  0.13314285714285715        450.12962688915303     
  0.13371428571428573        449.86657093869513     
  0.13428571428571429        449.70155501695689     
  0.13485714285714287        449.43808009201717     
  0.13542857142857143        449.27348314476063     
  0.13600000000000001        449.00958924533921     
  0.13657142857142859        448.84541127256449     
  0.13714285714285715        448.58109839866125     
  0.13771428571428573        448.41733940036829     
  0.13828571428571429        448.15260755198335     
  0.13885714285714287        447.98926752817215     
  0.13942857142857143        447.72411670530539     
  0.14000000000000001        447.56119565597595     
  0.14057142857142857        447.29562585862749     
  0.14114285714285715        447.13312378377981     
  0.14171428571428574        446.86713501194947     
  0.14228571428571429        446.70505191158355     
  0.14285714285714288        446.43864416527151     
  0.14342857142857143        446.27698003938730     
  0.14400000000000002        446.01015331859355     
  0.14457142857142857        445.84890816719104     
  0.14514285714285716        445.58166247191554     
  0.14571428571428571        445.42083629499479     
  0.14628571428571430        445.15317162523752     
  0.14685714285714288        444.99276442279859     
  0.14742857142857144        444.72468077855945     
  0.14800000000000002        444.56469255060239     
  0.14857142857142858        444.29618993188143     
  0.14914285714285716        444.13662067840613     
  0.14971428571428572        443.86769908520341     
  0.15028571428571430        443.70854880620993     
  0.15085714285714286        443.43920823852534     
  0.15142857142857144        443.28047693401373     
  0.15200000000000002        443.01071739184727     
  0.15257142857142858        442.85240506181748     
  0.15314285714285716        442.58222654516908     
  0.15371428571428572        442.42433318962134     
  0.15428571428571430        442.15373569849095     
  0.15485714285714286        441.99626131742514     
  0.15542857142857144        441.72524485181287     
  0.15600000000000000        441.56818944522894     
  0.15657142857142858        441.29675400513480     
  0.15714285714285717        441.14011757303268     
  0.15771428571428572        440.86826315845678     
  0.15828571428571431        440.71204570083643     
  0.15885714285714286        440.43977231177871     
  0.15942857142857145        440.28397382864011     
  0.16000000000000000        440.01128146510064     
  0.16057142857142859        439.85590195644380     
  0.16114285714285714        439.58279061842256     
  0.16171428571428573        439.42783008424749     
  0.16228571428571431        439.15429977174449     
  0.16285714285714287        438.99975821205123     
  0.16342857142857145        438.72580892506630     
  0.16400000000000001        438.57168633985492     
  0.16457142857142859        438.29731807838823     
  0.16514285714285715        438.14361446765861     
  0.16571428571428573        437.86882723171004     
  0.16628571428571429        437.71554259546235     
  0.16685714285714287        437.44033638503197     
  0.16742857142857145        437.28747072326604     
  0.16800000000000001        437.01184553835384     
  0.16857142857142859        436.85939885106973     
  0.16914285714285715        436.58335469167571     
  0.16971428571428573        436.43132697887347     
  0.17028571428571429        436.15486384499758     
  0.17085714285714287        436.00325510667722     
  0.17142857142857143        435.72637299831945     
  0.17200000000000001        435.57518323448090     
  0.17257142857142860        435.29788215164137     
  0.17314285714285715        435.14711136228453     
  0.17371428571428574        434.86939130496336     
  0.17428571428571429        434.71903949008816     
  0.17485714285714288        434.44090045828517     
  0.17542857142857143        434.29096761789179     
  0.17600000000000002        434.01240961160710     
  0.17657142857142857        433.86289574569537     
  0.17714285714285716        433.58391876492891     
  0.17771428571428574        433.43482387349894     
  0.17828571428571430        433.15542791825072     
  0.17885714285714288        433.00675200130257     
  0.17942857142857144        432.72693707157254     
  0.18000000000000002        432.57868012910609     
  0.18057142857142858        432.29844622489429     
  0.18114285714285716        432.15060825690966     
  0.18171428571428572        431.86995537821605     
  0.18228571428571430        431.72253638471318     
  0.18285714285714288        431.44146453153786     
  0.18342857142857144        431.29446451251670     
  0.18400000000000002        431.01297368485962     
  0.18457142857142858        430.86639264032027     
  0.18514285714285716        430.58448283818137     
  0.18571428571428572        430.43832076812379     
  0.18628571428571430        430.15599199150307     
  0.18685714285714286        430.01024889592725     
  0.18742857142857144        429.72750114482477     
  0.18800000000000000        429.58217702373071     
  0.18857142857142858        429.29901029814641     
  0.18914285714285717        429.15410515153422     
  0.18971428571428572        428.87051945146811     
  0.19028571428571431        428.72603327933780     
  0.19085714285714286        428.44202860478970     
  0.19142857142857145        428.29796140714126     
  0.19200000000000000        428.01353775811140     
  0.19257142857142859        427.86988953494472     
  0.19314285714285714        427.58504691143298     
  0.19371428571428573        427.44181766274824     
  0.19428571428571431        427.15655606475468     
  0.19485714285714287        427.01374579055175     
  0.19542857142857145        426.72806521807632     
  0.19600000000000001        426.58567391835521     
  0.19657142857142859        426.29957437139797     
  0.19714285714285715        426.15760204615873     
  0.19771428571428573        425.87108352471961     
  0.19828571428571429        425.72953017396225     
  0.19885714285714287        425.44259267804119     
  0.19942857142857146        425.30145830176571     
  0.20000000000000001        425.01410183136284     
  0.20057142857142859        424.87338642956922     
  0.20114285714285715        424.58561098468448     
  0.20171428571428573        424.44531455737274     
  0.20228571428571429        424.15712013800612     
  0.20285714285714287        424.01724268517620     
  0.20342857142857143        423.72862929132782     
  0.20400000000000001        423.58917081297972     
  0.20457142857142860        423.30013844464958     
  0.20514285714285715        423.16109894078323     
  0.20571428571428574        422.87164759797133     
  0.20628571428571429        422.73302706858675     
  0.20685714285714288        422.44315675129303     
  0.20742857142857143        422.30495519639027     
  0.20800000000000002        422.01466590461473     
  0.20857142857142857        421.87688332419373     
  0.20914285714285716        421.58617505793643     
  0.20971428571428574        421.44881145199719     
  0.21028571428571430        421.15768421125813     
  0.21085714285714288        421.02073957980065     
  0.21142857142857144        420.72919336457971     
  0.21200000000000002        420.59266770760411     
  0.21257142857142858        420.30070251790136     
  0.21314285714285716        420.16459583540757     
  0.21371428571428572        419.87221167122300     
  0.21428571428571430        419.73652396321114     
  0.21485714285714289        419.44372082454464     
  0.21542857142857144        419.30845209101466     
  0.21600000000000003        419.01522997786628     
  0.21657142857142858        418.88038021881812     
  0.21714285714285717        418.58673913118798     
  0.21771428571428572        418.45230834662163     
  0.21828571428571431        418.15824828450968     
  0.21885714285714286        418.02423647442515     
  0.21942857142857145        417.72975743783132     
  0.22000000000000003        417.59616460222867     
  0.22057142857142858        417.30126659115297     
  0.22114285714285717        417.16809273003213     
  0.22171428571428572        416.87277574447455     
  0.22228571428571431        416.74002085783559     
  0.22285714285714286        416.44428489779625     
  0.22342857142857145        416.31194898563911     
  0.22400000000000000        416.01579405111784     
  0.22457142857142859        415.88387711344262     
  0.22514285714285717        415.58730320443948     
  0.22571428571428573        415.45580524124620     
  0.22628571428571431        415.15881235776124     
  0.22685714285714287        415.02773336904971     
  0.22742857142857145        414.73032151108293     
  0.22800000000000001        414.59966149685323     
  0.22857142857142859        414.30183066440469     
  0.22914285714285715        414.17158962465675     
  0.22971428571428573        413.87333981772639     
  0.23028571428571432        413.74351775246026     
  0.23085714285714287        413.44484897104803     
  0.23142857142857146        413.31544588026378     
  0.23200000000000001        413.01635812436973     
  0.23257142857142860        412.88737400806735     
  0.23314285714285715        412.58786727769149     
  0.23371428571428574        412.45930213587087     
  0.23428571428571429        412.15937643101319     
  0.23485714285714288        412.03123026367433     
  0.23542857142857146        411.73088558433489     
  0.23600000000000002        411.60315839147785     
  0.23657142857142860        411.30239473765664     
  0.23714285714285716        411.17508651928136     
  0.23771428571428574        410.87390389097840     
  0.23828571428571430        410.74701464708494     
  0.23885714285714288        410.44541304430015     
  0.23942857142857144        410.31894277488846     
  0.24000000000000002        410.01692219762191     
  0.24057142857142860        409.89087090269197     
  0.24114285714285716        409.58843135094367     
  0.24171428571428574        409.46279903049555     
  0.24228571428571430        409.15994050426536     
  0.24285714285714288        409.03472715829901     
  0.24342857142857144        408.73144965758718     
  0.24400000000000002        408.60665528610252     
  0.24457142857142858        408.30295881090893     
  0.24514285714285716        408.17858341390604     
  0.24571428571428575        407.87446796423075     
  0.24628571428571430        407.75051154170956     
  0.24685714285714289        407.44597711755256     
  0.24742857142857144        407.32243966951307     
  0.24800000000000003        407.01748627087437     
  0.24857142857142858        406.89436779731659     
  0.24914285714285717        406.58899542419613     
  0.24971428571428572        406.46629592512011     
  0.25028571428571428        406.16050457751794     
  0.25085714285714289        406.03822405292362     
  0.25142857142857145        405.73201373083970     
  0.25200000000000000        405.61015218072714     
  0.25257142857142861        405.30352288416151     
  0.25314285714285717        405.18208030853054     
  0.25371428571428573        404.87503203748327     
  0.25428571428571428        404.75400843633406     
  0.25485714285714289        404.44654119080502     
  0.25542857142857145        404.32593656413752     
  0.25600000000000001        404.01805034412683     
  0.25657142857142862        403.89786469194098     
  0.25714285714285717        403.58955949744865     
  0.25771428571428573        403.46979281974450     
  0.25828571428571429        403.16106865077046     
  0.25885714285714290        403.04172094754796     
  0.25942857142857145        402.73257780409233     
  0.26000000000000001        402.61364907535142     
  0.26057142857142856        402.30408695741420     
  0.26114285714285718        402.18557720315488     
  0.26171428571428573        401.87559611073607     
  0.26228571428571429        401.75750533095840     
  0.26285714285714290        401.44710526405794     
  0.26342857142857146        401.32943345876191     
  0.26400000000000001        401.01861441737975     
  0.26457142857142857        400.90136158656537     
  0.26514285714285718        400.59012357070168     
  0.26571428571428574        400.47328971436889     
  0.26628571428571429        400.16163272402355     
  0.26685714285714290        400.04521784217235     
  0.26742857142857146        399.73314187734536     
  0.26800000000000002        399.61714596997581     
  0.26857142857142857        399.30465103066729     
  0.26914285714285718        399.18907409777921     
  0.26971428571428574        398.87616018398916     
  0.27028571428571430        398.76100222558262     
  0.27085714285714285        398.44766933731097     
  0.27142857142857146        398.33293035338613     
  0.27200000000000002        398.01917849063284     
  0.27257142857142858        397.90485848118965     
  0.27314285714285719        397.59068764395477     
  0.27371428571428574        397.47678660899317     
  0.27428571428571430        397.16219679727669     
  0.27485714285714286        397.04871473679668     
  0.27542857142857147        396.73370595059868     
  0.27600000000000002        396.62064286460020     
  0.27657142857142858        396.30521510392060     
  0.27714285714285719        396.19257099240360     
  0.27771428571428575        395.87672425724253     
  0.27828571428571430        395.76449912020706     
  0.27885714285714286        395.44823341056451     
  0.27942857142857147        395.33642724801052     
  0.28000000000000003        395.01974256388644     
  0.28057142857142858        394.90835537581398     
  0.28114285714285714        394.59125171720831     
  0.28171428571428575        394.48028350361739     
  0.28228571428571431        394.16276087053024     
  0.28285714285714286        394.05221163142085     
  0.28342857142857147        393.73427002385222     
  0.28400000000000003        393.62413975922425     
  0.28457142857142859        393.30577917717414     
  0.28514285714285714        393.19606788702771     
  0.28571428571428575        392.87728833049607     
  0.28628571428571431        392.76799601483117     
  0.28685714285714287        392.44879748381805     
  0.28742857142857148        392.33992414263457     
  0.28800000000000003        392.02030663714004     
  0.28857142857142859        391.91185227043798     
  0.28914285714285715        391.59181579046202     
  0.28971428571428576        391.48378039824138     
  0.29028571428571431        391.16332494378400     
  0.29085714285714287        391.05570852604484     
  0.29142857142857143        390.73483409710599     
  0.29200000000000004        390.62763665384824     
  0.29257142857142859        390.30634325042803     
  0.29314285714285715        390.19956478165165     
  0.29371428571428576        389.87785240375001     
  0.29428571428571432        389.77149290945505     
  0.29485714285714287        389.44936155707200     
  0.29542857142857143        389.34342103725851     
  0.29600000000000004        389.02087071039409     
  0.29657142857142860        388.91534916506185     
  0.29714285714285715        388.59237986371619     
  0.29771428571428571        388.48727729286526     
  0.29828571428571432        388.16388901703817     
  0.29885714285714288        388.05920542066866     
  0.29942857142857143        387.73539817036016     
  0.30000000000000004        387.63113354847218     
  0.30057142857142860        387.30690732368220     
  0.30114285714285716        387.20306167627552     
  0.30171428571428571        386.87841647700424     
  0.30228571428571432        386.77498980407893     
  0.30285714285714288        386.44992563032628     
  0.30342857142857144        386.34691793188244     
  0.30400000000000005        386.02143478364832     
  0.30457142857142860        385.91884605968579     
  0.30514285714285716        385.59294393697041     
  0.30571428571428572        385.49077418748925     
  0.30628571428571433        385.16445309029251     
  0.30685714285714288        385.06270231529265     
  0.30742857142857144        384.73596224361467     
  0.30800000000000000        384.63463044309600     
  0.30857142857142861        384.30747139693676     
  0.30914285714285716        384.20655857089935     
  0.30971428571428572        383.87898055025892     
  0.31028571428571433        383.77848669870269     
  0.31085714285714289        383.45048970358107     
  0.31142857142857144        383.35041482650610     
  0.31200000000000000        383.02199885690322     
  0.31257142857142861        382.92234295430939     
  0.31314285714285717        382.59350801022543     
  0.31371428571428572        382.49427108211268     
  0.31428571428571433        382.16501716354759     
  0.31485714285714289        382.06619920991602     
  0.31542857142857145        381.73652631686980     
  0.31600000000000000        381.63812733771937     
  0.31657142857142861        381.30803547019195     
  0.31714285714285717        381.21005546552271     
  0.31771428571428573        380.87954462351416     
  0.31828571428571428        380.78198359332606     
  0.31885714285714289        380.45105377683643     
  0.31942857142857145        380.35391172112941     
  0.32000000000000001        380.02256293015864     
  0.32057142857142862        379.92583984893270     
  0.32114285714285717        379.59407208348080     
  0.32171428571428573        379.49776797673604     
  0.32228571428571429        379.16558123680301     
  0.32285714285714290        379.06969610453939     
  0.32342857142857145        378.73709039012522     
  0.32400000000000001        378.64162423234279     
  0.32457142857142862        378.30859954344749     
  0.32514285714285718        378.21355236014614     
  0.32571428571428573        377.88010869676970     
  0.32628571428571429        377.78548048794948     
  0.32685714285714290        377.45161785009196     
  0.32742857142857146        377.35740861575277     
  0.32800000000000001        377.02312700341417     
  0.32857142857142857        376.92933674355612     
  0.32914285714285718        376.59463615673639     
  0.32971428571428574        376.50126487135947     
  0.33028571428571429        376.16614531005865     
  0.33085714285714291        376.07319299916276     
  0.33142857142857146        375.73765446338092     
  0.33200000000000002        375.64512112696605     
  0.33257142857142857        375.30916361670319     
  0.33314285714285718        375.21704925476934     
  0.33371428571428574        374.88067277002540     
  0.33428571428571430        374.78897738257268     
  0.33485714285714291        374.45218192334767     
  0.33542857142857146        374.36090551037597     
  0.33600000000000002        374.02369107666993     
  0.33657142857142858        373.93283363817926     
  0.33714285714285719        373.59520022999214     
  0.33771428571428574        373.50476176598249     
  0.33828571428571430        373.16670938331430     
  0.33885714285714286        373.07668989378578     
  0.33942857142857147        372.73821853663651     
  0.34000000000000002        372.64861802158902     
  0.34057142857142858        372.30972768995878     
  0.34114285714285719        372.22054614939231     
  0.34171428571428575        371.88123684328104     
  0.34228571428571430        371.79247427719559     
  0.34285714285714286        371.45274599660326     
  0.34342857142857147        371.36440240499883     
  0.34400000000000003        371.02425514992552     
  0.34457142857142858        370.93633053280206     
  0.34514285714285720        370.59576430324773     
  0.34571428571428575        370.50825866060529     
  0.34628571428571431        370.16727345657006     
  0.34685714285714286        370.08018678840858     
  0.34742857142857148        369.73878260989227     
  0.34800000000000003        369.65211491621187     
  0.34857142857142859        369.31029176321454     
  0.34914285714285714        369.22404304401516     
  0.34971428571428576        368.88180091653680     
  0.35028571428571431        368.79597117181839     
  0.35085714285714287        368.45331006985907     
  0.35142857142857148        368.36789929962163     
  0.35200000000000004        368.02481922318128     
  0.35257142857142859        367.93982742742492     
  0.35314285714285715        367.59632837650349     
  0.35371428571428576        367.51175555522821     
  0.35428571428571431        367.16783752982570     
  0.35485714285714287        367.08368368303144     
  0.35542857142857148        366.73934668314791     
  0.35600000000000004        366.65561181083473     
  0.35657142857142859        366.31085583647013     
  0.35714285714285715        366.22753993863802     
  0.35771428571428576        365.88236498979234     
  0.35828571428571432        365.79946806644125     
  0.35885714285714287        365.45387414311460     
  0.35942857142857143        365.37139619424454     
  0.36000000000000004        365.02538329643687     
  0.36057142857142860        364.94332432204789     
  0.36114285714285715        364.59689244975908     
  0.36171428571428577        364.51525244985118     
  0.36228571428571432        364.16840160308124     
  0.36285714285714288        364.08718057765446     
  0.36342857142857143        363.73991075640345     
  0.36400000000000005        363.65910870545775     
  0.36457142857142860        363.31141990972560     
  0.36514285714285716        363.23103683326104     
  0.36571428571428577        362.88292906304781     
  0.36628571428571433        362.80296496106433     
  0.36685714285714288        362.45443821637008     
  0.36742857142857144        362.37489308886762     
  0.36800000000000005        362.02594736969223     
  0.36857142857142861        361.94682121667091     
  0.36914285714285716        361.59745652301439     
  0.36971428571428572        361.51874934447414     
  0.37028571428571433        361.16896567633660     
  0.37085714285714289        361.09067747227743     
  0.37142857142857144        360.74047482965875     
  0.37200000000000005        360.66260560008072     
  0.37257142857142861        360.31198398298091     
  0.37314285714285716        360.23453372788396     
  0.37371428571428572        359.88349313630312     
  0.37428571428571433        359.80646185568719     
  0.37485714285714289        359.45500228962533     
  0.37542857142857144        359.37838998349042     
  0.37600000000000000        359.02651144294754     
  0.37657142857142861        358.95031811129365     
  0.37714285714285717        358.59802059626975     
  0.37771428571428572        358.52224623909689     
  0.37828571428571434        358.16952974959190     
  0.37885714285714289        358.09417436690006     
  0.37942857142857145        357.74103890291406     
  0.38000000000000000        357.66610249470330     
  0.38057142857142862        357.31254805623621     
  0.38114285714285717        357.23803062250659     
  0.38171428571428573        356.88405720955831     
  0.38228571428571434        356.80995875030982     
  0.38285714285714290        356.45556636288040     
  0.38342857142857145        356.38188687811311     
  0.38400000000000001        356.02707551620250     
  0.38457142857142862        355.95381500591640     
  0.38514285714285718        355.59858466952454     
  0.38571428571428573        355.52574313371974     
  0.38628571428571429        355.17009382284664     
  0.38685714285714290        355.09767126152298     
  0.38742857142857146        354.74160297616868     
  0.38800000000000001        354.66959938932621     
  0.38857142857142862        354.31311212949083     
  0.38914285714285718        354.24152751712944     
  0.38971428571428574        353.88462128281293     
  0.39028571428571429        353.81345564493267     
  0.39085714285714290        353.45613043613497     
  0.39142857142857146        353.38538377273585     
  0.39200000000000002        353.02763958945701     
  0.39257142857142863        352.95731190053908     
  0.39314285714285718        352.59914874277916     
  0.39371428571428574        352.52924002834226     
  0.39428571428571429        352.17065789610126     
  0.39485714285714291        352.10116815614543     
  0.39542857142857146        351.74216704942336     
  0.39600000000000002        351.67309628394861     
  0.39657142857142857        351.31367620274546     
  0.39714285714285719        351.24502441175190     
  0.39771428571428574        350.88518535606744     
  0.39828571428571430        350.81695253955519     
  0.39885714285714291        350.45669450938937     
  0.39942857142857147        350.38888066735848     
  0.40000000000000002        350.02820366271135     
  0.40057142857142858        349.96080879516165     
  0.40114285714285719        349.59971281603339     
  0.40171428571428575        349.53273692296483     
  0.40228571428571430        349.17122196935549     
  0.40285714285714291        349.10466505076801     
  0.40342857142857147        348.74273112267758     
  0.40400000000000003        348.67659317857124     
  0.40457142857142858        348.31424027599962     
  0.40514285714285719        348.24852130637453     
  0.40571428571428575        347.88574942932166     
  0.40628571428571431        347.82044943417782     
  0.40685714285714286        347.45725858264376     
  0.40742857142857147        347.39237756198105     
  0.40800000000000003        347.02876773596586     
  0.40857142857142859        346.96430568978428     
  0.40914285714285720        346.60027688928790     
  0.40971428571428575        346.53623381758757     
  0.41028571428571431        346.17178604260999     
  0.41085714285714287        346.10816194539080     
  0.41142857142857148        345.74329519593209     
  0.41200000000000003        345.68009007319404     
  0.41257142857142859        345.31480434925425     
  0.41314285714285720        345.25201820099733     
  0.41371428571428576        344.88631350257634     
  0.41428571428571431        344.82394632880062     
  0.41485714285714287        344.45782265589838     
  0.41542857142857148        344.39587445660391     
  0.41600000000000004        344.02933180922048     
  0.41657142857142859        343.96780258440725     
  0.41714285714285715        343.60084096254258     
  0.41771428571428576        343.53973071221054     
  0.41828571428571432        343.17235011586473     
  0.41885714285714287        343.11165884001383     
  0.41942857142857148        342.74385926918688     
  0.42000000000000004        342.68358696781712     
  0.42057142857142860        342.31536842250898     
  0.42114285714285715        342.25551509562035     
  0.42171428571428576        341.88687757583108     
  0.42228571428571432        341.82744322342359     
  0.42285714285714288        341.45838672915312     
  0.42342857142857149        341.39937135122682     
  0.42400000000000004        341.02989588247516     
  0.42457142857142860        340.97129947903005     
  0.42514285714285716        340.60140503579720     
  0.42571428571428577        340.54322760683328     
  0.42628571428571432        340.17291418911930     
  0.42685714285714288        340.11515573463652     
  0.42742857142857144        339.74442334244134     
  0.42800000000000005        339.68708386243975     
  0.42857142857142860        339.31593249576338     
  0.42914285714285716        339.25901199024298     
  0.42971428571428577        338.88744164908542     
  0.43028571428571433        338.83094011804627     
  0.43085714285714288        338.45895080240746     
  0.43142857142857144        338.40286824584956     
  0.43200000000000005        338.03045995572955     
  0.43257142857142861        337.97479637365279     
  0.43314285714285716        337.60196910905165     
  0.43371428571428577        337.54672450145603     
  0.43428571428571433        337.17347826237375     
  0.43485714285714289        337.11865262925926     
  0.43542857142857144        336.74498741569579     
  0.43600000000000005        336.69058075706249     
  0.43657142857142861        336.31649656901789     
  0.43714285714285717        336.26250888486572     
  0.43771428571428572        335.88800572233993     
  0.43828571428571433        335.83443701266901     
  0.43885714285714289        335.45951487566202     
  0.43942857142857145        335.40636514047225     
  0.44000000000000006        335.03102402898412     
  0.44057142857142861        334.97829326827548     
  0.44114285714285717        334.60253318230622     
  0.44171428571428573        334.55022139607871     
  0.44228571428571434        334.17404233562837     
  0.44285714285714289        334.12214952388189     
  0.44342857142857145        333.74555148895053     
  0.44400000000000001        333.69407765168512     
  0.44457142857142862        333.31706064227268     
  0.44514285714285717        333.26600577948830     
  0.44571428571428573        332.88856979559483     
  0.44628571428571434        332.83793390729147     
  0.44685714285714290        332.46007894891699     
  0.44742857142857145        332.40986203509465     
  0.44800000000000001        332.03158810223914     
  0.44857142857142862        331.98179016289782     
  0.44914285714285718        331.60309725556129     
  0.44971428571428573        331.55371829070100     
  0.45028571428571434        331.17460640888345     
  0.45085714285714290        331.12564641850418     
  0.45142857142857146        330.74611556220560     
  0.45200000000000001        330.69757454630735     
  0.45257142857142862        330.31762471552770     
  0.45314285714285718        330.26950267411053     
  0.45371428571428574        329.88913386884980     
  0.45428571428571429        329.84143080191365     
  0.45485714285714290        329.46064302217189     
  0.45542857142857146        329.41335892971682     
  0.45600000000000002        329.03215217549405     
  0.45657142857142863        328.98528705751994     
  0.45714285714285718        328.60366132881620     
  0.45771428571428574        328.55721518532312     
  0.45828571428571430        328.17517048213836     
  0.45885714285714291        328.12914331312629     
  0.45942857142857146        327.74667963546045     
  0.46000000000000002        327.70107144092947     
  0.46057142857142863        327.31818878878255     
  0.46114285714285719        327.27299956873270     
  0.46171428571428574        326.88969794210465     
  0.46228571428571430        326.84492769653588     
  0.46285714285714291        326.46120709542680     
  0.46342857142857147        326.41685582433905     
  0.46400000000000002        326.03271624874890     
  0.46457142857142858        325.98878395214223     
  0.46514285714285719        325.60422540207099     
  0.46571428571428575        325.56071207994540     
  0.46628571428571430        325.17573455539315     
  0.46685714285714291        325.13264020774858     
  0.46742857142857147        324.74724370871519     
  0.46800000000000003        324.70456833555181     
  0.46857142857142858        324.31875286203729     
  0.46914285714285719        324.27649646335504     
  0.46971428571428575        323.89026201535938     
  0.47028571428571431        323.84842459115822     
  0.47085714285714292        323.46177116868148     
  0.47142857142857147        323.42035271896140     
  0.47200000000000003        323.03328032200358     
  0.47257142857142859        322.99228084676469     
  0.47314285714285720        322.60478947532567     
  0.47371428571428575        322.56420897456792     
  0.47428571428571431        322.17629862864771     
  0.47485714285714287        322.13613710237109     
  0.47542857142857148        321.74780778196981     
  0.47600000000000003        321.70806523017427     
  0.47657142857142859        321.31931693529185     
  0.47714285714285720        321.27999335797750     
  0.47771428571428576        320.89082608861389     
  0.47828571428571431        320.85192148578074     
  0.47885714285714287        320.46233524193593     
  0.47942857142857148        320.42384961358385     
  0.48000000000000004        320.03384439525792     
  0.48057142857142859        319.99577774138697     
  0.48114285714285721        319.60535354857990     
  0.48171428571428576        319.56770586919009     
  0.48228571428571432        319.17686270190194     
  0.48285714285714287        319.13963399699321     
  0.48342857142857149        318.74837185522398     
  0.48400000000000004        318.71156212479639     
  0.48457142857142860        318.31988100854602     
  0.48514285714285715        318.28349025259956     
  0.48571428571428577        317.89139016186800     
  0.48628571428571432        317.85541838040280     
  0.48685714285714288        317.46289931519004     
  0.48742857142857149        317.42734650820603     
  0.48800000000000004        317.03440846851203     
  0.48857142857142860        316.99927463600926     
  0.48914285714285716        316.60591762183401     
  0.48971428571428577        316.57120276381249     
  0.49028571428571432        316.17742677515599     
  0.49085714285714288        316.14313089161573     
  0.49142857142857149        315.74893592847803     
  0.49200000000000005        315.71505901941890     
  0.49257142857142860        315.32044508180007     
  0.49314285714285716        315.28698714722208     
  0.49371428571428577        314.89195423512211     
  0.49428571428571433        314.85891527502525     
  0.49485714285714288        314.46346338844410     
  0.49542857142857144        314.43084340282843     
  0.49600000000000005        314.03497254176608     
  0.49657142857142861        314.00277153063166     
  0.49714285714285716        313.60648169508806     
  0.49771428571428578        313.57469965843489     
  0.49828571428571433        313.17799084840999     
  0.49885714285714289        313.14662778623807     
  0.49942857142857144        312.74950000173197     
  0.50000000000000000        312.71855591404130     
  0.50057142857142856        312.71612971601365     
  0.50114285714285722        312.68521825748707     
  0.50171428571428578        312.68275943029522     
  0.50228571428571434        312.65188060093283     
  0.50285714285714289        312.64938914457684     
  0.50342857142857145        312.61854294437859     
  0.50400000000000000        312.61601885885847     
  0.50457142857142856        312.58520528782435     
  0.50514285714285723        312.58264857314003     
  0.50571428571428578        312.55186763127017     
  0.50628571428571434        312.54927828742166     
  0.50685714285714289        312.51852997471599     
  0.50742857142857145        312.51590800170322     
  0.50800000000000001        312.48519231816181     
  0.50857142857142856        312.48253771598479     
  0.50914285714285723        312.45185466160763     
  0.50971428571428579        312.44916743026630     
  0.51028571428571434        312.41851700505345     
  0.51085714285714290        312.41579714454787     
  0.51142857142857145        312.38517934849926     
  0.51200000000000001        312.38242685882943     
  0.51257142857142857        312.35184169194503     
  0.51314285714285723        312.34905657311094     
  0.51371428571428579        312.31850403539084     
  0.51428571428571435        312.31568628739251     
  0.51485714285714290        312.28516637883672     
  0.51542857142857146        312.28231600167402     
  0.51600000000000001        312.25182872228260     
  0.51657142857142857        312.24894571595559     
  0.51714285714285713        312.21849106572841     
  0.51771428571428579        312.21557543023715     
  0.51828571428571435        312.18515340917423     
  0.51885714285714291        312.18220514451866     
  0.51942857142857146        312.15181575262005     
  0.52000000000000002        312.14883485880017     
  0.52057142857142857        312.11847809606587     
  0.52114285714285713        312.11546457308174     
  0.52171428571428580        312.08514043951169     
  0.52228571428571435        312.08209428736325     
  0.52285714285714291        312.05180278295751     
  0.52342857142857147        312.04872400164476     
  0.52400000000000002        312.01846512640333     
  0.52457142857142858        312.01535371592632     
  0.52514285714285713        311.98512746984915     
  0.52571428571428580        311.98198343020789     
  0.52628571428571436        311.95178981329497     
  0.52685714285714291        311.94861314448946     
  0.52742857142857147        311.91845215674078     
  0.52800000000000002        311.91524285877108     
  0.52857142857142858        311.88511450018660     
  0.52914285714285714        311.88187257305265     
  0.52971428571428580        311.85177684363242     
  0.53028571428571436        311.84850228733421     
  0.53085714285714292        311.81843918707824     
  0.53142857142857147        311.81513200161578     
  0.53200000000000003        311.78510153052406     
  0.53257142857142858        311.78176171589735     
  0.53314285714285714        311.75176387396988     
  0.53371428571428581        311.74839143017897     
  0.53428571428571436        311.71842621741570     
  0.53485714285714292        311.71502114446059     
  0.53542857142857148        311.68508856086152     
  0.53600000000000003        311.68165085874216     
  0.53657142857142859        311.65175090430728     
  0.53714285714285714        311.64828057302378     
  0.53771428571428570        311.61841324775310     
  0.53828571428571437        311.61491028730541     
  0.53885714285714292        311.58507559119892     
  0.53942857142857148        311.58154000158703     
  0.54000000000000004        311.55173793464473     
  0.54057142857142859        311.54816971586860     
  0.54114285714285715        311.51840027809055     
  0.54171428571428570        311.51479943015022     
  0.54228571428571437        311.48506262153637     
  0.54285714285714293        311.48142914443184     
  0.54342857142857148        311.45172496498219     
  0.54400000000000004        311.44805885871347     
  0.54457142857142860        311.41838730842801     
  0.54514285714285715        311.41468857299509     
  0.54571428571428571        311.38504965187389     
  0.54628571428571437        311.38131828727671     
  0.54685714285714293        311.35171199531965     
  0.54742857142857149        311.34794800155834     
  0.54800000000000004        311.31837433876547     
  0.54857142857142860        311.31457771583990     
  0.54914285714285715        311.28503668221123     
  0.54971428571428571        311.28120743012153     
  0.55028571428571438        311.25169902565699     
  0.55085714285714293        311.24783714440309     
  0.55142857142857149        311.21836136910275     
  0.55200000000000005        311.21446685868466     
  0.55257142857142860        311.18502371254857     
  0.55314285714285716        311.18109657296623     
  0.55371428571428571        311.15168605599439     
  0.55428571428571438        311.14772628724779     
  0.55485714285714294        311.11834839944021     
  0.55542857142857149        311.11435600152936     
  0.55600000000000005        311.08501074288603     
  0.55657142857142861        311.08098571581087     
  0.55714285714285716        311.05167308633185     
  0.55771428571428572        311.04761543009243     
  0.55828571428571427        311.01833542977766     
  0.55885714285714294        311.01424514437400     
  0.55942857142857150        310.98499777322348     
  0.56000000000000005        310.98087485865557     
  0.56057142857142861        310.95166011666930     
  0.56114285714285717        310.94750457293708     
  0.56171428571428572        310.91832246011512     
  0.56228571428571428        310.91413428721864     
  0.56285714285714294        310.88498480356094     
  0.56342857142857150        310.88076400150027     
  0.56400000000000006        310.85164714700676     
  0.56457142857142861        310.84739371578183     
  0.56514285714285717        310.81830949045258     
  0.56571428571428573        310.81402343006346     
  0.56628571428571428        310.78497183389840     
  0.56685714285714295        310.78065314434508     
  0.56742857142857150        310.75163417734416     
  0.56800000000000006        310.74728285862670     
  0.56857142857142862        310.71829652078992     
  0.56914285714285717        310.71391257290833     
  0.56971428571428573        310.68495886423568     
  0.57028571428571428        310.68054228719001     
  0.57085714285714295        310.65162120768150     
  0.57142857142857151        310.64717200147169     
  0.57200000000000006        310.61828355112732     
  0.57257142857142862        310.61380171575337     
  0.57314285714285718        310.58494589457320     
  0.57371428571428573        310.58043143003505     
  0.57428571428571429        310.55160823801907     
  0.57485714285714296        310.54706114431673     
  0.57542857142857151        310.51827058146495     
  0.57600000000000007        310.51369085859841     
  0.57657142857142862        310.48493292491088     
  0.57714285714285718        310.48032057288015     
  0.57771428571428574        310.45159526835681     
  0.57828571428571429        310.44695028716183     
  0.57885714285714285        310.41825761180280     
  0.57942857142857151        310.41358000144351     
  0.58000000000000007        310.38491995524873     
  0.58057142857142863        310.38020971572519     
  0.58114285714285718        310.35158229869472     
  0.58171428571428574        310.34683943000687     
  0.58228571428571430        310.31824464214071     
  0.58285714285714285        310.31346914428855     
  0.58342857142857152        310.28490698558670     
  0.58400000000000007        310.28009885857023     
  0.58457142857142863        310.25156932903269     
  0.58514285714285719        310.24672857285191     
  0.58571428571428574        310.21823167247868     
  0.58628571428571430        310.21335828713353     
  0.58685714285714285        310.18489401592461     
  0.58742857142857152        310.17998800141515     
  0.58800000000000008        310.15155635937049     
  0.58857142857142863        310.14661771569683     
  0.58914285714285719        310.11821870281648     
  0.58971428571428575        310.11324742997851     
  0.59028571428571430        310.08488104626247     
  0.59085714285714286        310.07987714426025     
  0.59142857142857153        310.05154338970840     
  0.59200000000000008        310.04650685854193     
  0.59257142857142864        310.01820573315433     
  0.59314285714285719        310.01313657282361     
  0.59371428571428575        309.98486807660026     
  0.59428571428571431        309.97976628710529     
  0.59485714285714286        309.95153042004625     
  0.59542857142857142        309.94639600138692     
  0.59600000000000009        309.91819276349219     
  0.59657142857142864        309.91302571566860     
  0.59714285714285720        309.88485510693818     
  0.59771428571428575        309.87965542995028     
  0.59828571428571431        309.85151745038422     
  0.59885714285714287        309.84628514423190     
  0.59942857142857142        309.81817979383021     
  0.60000000000000009        309.81291485851352     
  0.60057142857142864        309.78484213727620     
  0.60114285714285720        309.77954457279520     
  0.60171428571428576        309.75150448072225     
  0.60228571428571431        309.74617428707688     
  0.60285714285714287        309.71816682416818     
  0.60342857142857143        309.71280400135862     
  0.60400000000000009        309.68482916761417     
  0.60457142857142865        309.67943371564036     
  0.60514285714285720        309.65149151106016     
  0.60571428571428576        309.64606342992215     
  0.60628571428571432        309.61815385450615     
  0.60685714285714287        309.61269314420394     
  0.60742857142857143        309.58481619795214     
  0.60800000000000010        309.57932285848574     
  0.60857142857142865        309.55147854139813     
  0.60914285714285721        309.54595257276748     
  0.60971428571428576        309.51814088484406     
  0.61028571428571432        309.51258228704927     
  0.61085714285714288        309.48480322829005     
  0.61142857142857143        309.47921200133106     
  0.61200000000000010        309.45146557173604     
  0.61257142857142866        309.44584171561280     
  0.61314285714285721        309.41812791518197     
  0.61371428571428577        309.41247142989454     
  0.61428571428571432        309.38479025862790     
  0.61485714285714288        309.37910114417633     
  0.61542857142857144        309.35145260207389     
  0.61599999999999999        309.34573085845807     
  0.61657142857142866        309.31811494551982     
  0.61714285714285722        309.31236057273986     
  0.61771428571428577        309.28477728896576     
  0.61828571428571433        309.27899028702160     
  0.61885714285714288        309.25143963241163     
  0.61942857142857144        309.24562000130334     
  0.62000000000000000        309.21810197585756     
  0.62057142857142866        309.21224971558513     
  0.62114285714285722        309.18476431930355     
  0.62171428571428577        309.17887942986692     
  0.62228571428571433        309.15142666274954     
  0.62285714285714289        309.14550914414872     
  0.62342857142857144        309.11808900619553     
  0.62400000000000000        309.11213885843051     
  0.62457142857142867        309.08475134964146     
  0.62514285714285722        309.07876857271231     
  0.62571428571428578        309.05141369308751     
  0.62628571428571433        309.04539828699416     
  0.62685714285714289        309.01807603653356     
  0.62742857142857145        309.01202800127601     
  0.62800000000000000        308.98473837997960     
  0.62857142857142867        308.97865771555786     
  0.62914285714285723        308.95140072342565     
  0.62971428571428578        308.94528742983977     
  0.63028571428571434        308.91806306687164     
  0.63085714285714289        308.91191714412167     
  0.63142857142857145        308.88472541031769     
  0.63200000000000001        308.87854685840358     
  0.63257142857142867        308.85138775376373     
  0.63314285714285723        308.84517657268543     
  0.63371428571428579        308.81805009720983     
  0.63428571428571434        308.81180628696728     
  0.63485714285714290        308.78471244065588     
  0.63542857142857145        308.77843600124913     
  0.63600000000000001        308.75137478410193     
  0.63657142857142857        308.74506571553098     
  0.63714285714285723        308.71803712754792     
  0.63771428571428579        308.71169542981283     
  0.63828571428571435        308.68469947099396     
  0.63885714285714290        308.67832514409469     
  0.63942857142857146        308.65136181444007     
  0.64000000000000001        308.64495485837654     
  0.64057142857142857        308.61802415788611     
  0.64114285714285724        308.61158457265839     
  0.64171428571428579        308.58468650133221     
  0.64228571428571435        308.57821428694029     
  0.64285714285714290        308.55134884477832     
  0.64342857142857146        308.54484400122209     
  0.64400000000000002        308.51801118822442     
  0.64457142857142857        308.51147371550388     
  0.64514285714285724        308.48467353167052     
  0.64571428571428580        308.47810342978573     
  0.64628571428571435        308.45133587511663     
  0.64685714285714291        308.44473314406758     
  0.64742857142857146        308.41799821856273     
  0.64800000000000002        308.41136285834943     
  0.64857142857142858        308.38466056200883     
  0.64914285714285724        308.37799257263129     
  0.64971428571428580        308.35132290545494     
  0.65028571428571436        308.34462228691308     
  0.65085714285714291        308.31798524890104     
  0.65142857142857147        308.31125200119487     
  0.65200000000000002        308.28464759234720     
  0.65257142857142858        308.27788171547667     
  0.65314285714285725        308.25130993579336     
  0.65371428571428580        308.24451142975846     
  0.65428571428571436        308.21797227923946     
  0.65485714285714292        308.21114114404025     
  0.65542857142857147        308.18463462268556     
  0.65600000000000003        308.17777085832205     
  0.65657142857142858        308.15129696613172     
  0.65714285714285714        308.14440057260384     
  0.65771428571428581        308.11795930957788     
  0.65828571428571436        308.11103028688564     
  0.65885714285714292        308.08462165302410     
  0.65942857142857148        308.07766000116743     
  0.66000000000000003        308.05128399647026     
  0.66057142857142859        308.04428971544917     
  0.66114285714285714        308.01794633991642     
  0.66171428571428581        308.01091942973096     
  0.66228571428571437        307.98460868336264     
  0.66285714285714292        307.97754914401276     
  0.66342857142857148        307.95127102680880     
  0.66400000000000003        307.94417885829455     
  0.66457142857142859        307.91793337025507     
  0.66514285714285715        307.91080857257629     
  0.66571428571428581        307.88459571370129     
  0.66628571428571437        307.87743828685802     
  0.66685714285714293        307.85125805714756     
  0.66742857142857148        307.84406800113982     
  0.66800000000000004        307.81792040059378     
  0.66857142857142859        307.81069771542161     
  0.66914285714285715        307.78458274403999     
  0.66971428571428582        307.77732742970335     
  0.67028571428571437        307.75124508748627     
  0.67085714285714293        307.74395714398514     
  0.67142857142857149        307.71790743093248     
  0.67200000000000004        307.71058685826699     
  0.67257142857142860        307.68456977437870     
  0.67314285714285715        307.67721657254879     
  0.67371428571428571        307.65123211782497     
  0.67428571428571438        307.64384628683064     
  0.67485714285714293        307.61789446127125     
  0.67542857142857149        307.61047600111249     
  0.67600000000000005        307.58455680471752     
  0.67657142857142860        307.57710571539434     
  0.67714285714285716        307.55121914816385     
  0.67771428571428571        307.54373542967619     
  0.67828571428571438        307.51788149161013     
  0.67885714285714294        307.51036514395810     
  0.67942857142857149        307.48454383505640     
  0.68000000000000005        307.47699485824006     
  0.68057142857142860        307.45120617850273     
  0.68114285714285716        307.44362457252197     
  0.68171428571428572        307.41786852194900     
  0.68228571428571438        307.41025428680388     
  0.68285714285714294        307.38453086539533     
  0.68342857142857150        307.37688400108578     
  0.68400000000000005        307.35119320884161     
  0.68457142857142861        307.34351371536764     
  0.68514285714285716        307.31785555228794     
  0.68571428571428572        307.31014342964954     
  0.68628571428571439        307.28451789573427     
  0.68685714285714294        307.27677314393145     
  0.68742857142857150        307.25118023918066     
  0.68800000000000006        307.24340285821336     
  0.68857142857142861        307.21784258262699     
  0.68914285714285717        307.21003257249527     
  0.68971428571428572        307.18450492607332     
  0.69028571428571439        307.17666228677723     
  0.69085714285714295        307.15116726951970     
  0.69142857142857150        307.14329200105914     
  0.69200000000000006        307.11782961296603     
  0.69257142857142862        307.10992171534110     
  0.69314285714285717        307.08449195641236     
  0.69371428571428573        307.07655142962301     
  0.69428571428571428        307.05115429985869     
  0.69485714285714295        307.04318114390492     
  0.69542857142857151        307.01781664330508     
  0.69600000000000006        307.00981085818677     
  0.69657142857142862        306.98447898675141     
  0.69714285714285718        306.97644057246868     
  0.69771428571428573        306.95114133019774     
  0.69828571428571429        306.94307028675053     
  0.69885714285714295        306.91780367364413     
  0.69942857142857151        306.90970000103238     
  0.70000000000000007        306.88446601709046     
  0.70057142857142862        306.87632971531417     
  0.70114285714285718        306.85112836053685     
  0.70171428571428573        306.84295942959596     
  0.70228571428571429        306.81779070398323     
  0.70285714285714296        306.80958914387782     
  0.70342857142857151        306.78445304742962     
  0.70400000000000007        306.77621885815961     
  0.70457142857142863        306.75111539087601     
  0.70514285714285718        306.74284857244140     
  0.70571428571428574        306.71777773432240     
  0.70628571428571429        306.70947828672325     
  0.70685714285714296        306.68444007776878     
  0.70742857142857152        306.67610800100510     
  0.70800000000000007        306.65110242121517     
  0.70857142857142863        306.64273771528696     
  0.70914285714285719        306.61776476466156     
  0.70971428571428574        306.60936742956875     
  0.71028571428571430        306.58442710810789     
  0.71085714285714297        306.57599714385060     
  0.71142857142857152        306.55108945155416     
  0.71200000000000008        306.54262685813251     
  0.71257142857142863        306.51775179500044     
  0.71314285714285719        306.50925657241436     
  0.71371428571428575        306.48441413844665     
  0.71428571428571430        306.47588628669621     
  0.71485714285714286        306.45107648189287     
  0.71542857142857152        306.44251600097800     
  0.71600000000000008        306.41773882533909     
  0.71657142857142864        306.40914571525980     
  0.71714285714285719        306.38440116878525     
  0.71771428571428575        306.37577542954159     
  0.71828571428571431        306.35106351223146     
  0.71885714285714286        306.34240514382338     
  0.71942857142857153        306.31772585567768     
  0.72000000000000008        306.30903485810518     
  0.72057142857142864        306.28438819912395     
  0.72114285714285720        306.27566457238692     
  0.72171428571428575        306.25105054257023     
  0.72228571428571431        306.24229428666865     
  0.72285714285714286        306.21771288601650     
  0.72342857142857153        306.20892400095039     
  0.72400000000000009        306.18437522946272     
  0.72457142857142864        306.17555371523213     
  0.72514285714285720        306.15103757290893     
  0.72571428571428576        306.14218342951392     
  0.72628571428571431        306.11769991635515     
  0.72685714285714287        306.10881314379566     
  0.72742857142857154        306.08436225980137     
  0.72800000000000009        306.07544285807745     
  0.72857142857142865        306.05102460324758     
  0.72914285714285720        306.04207257235925     
  0.72971428571428576        306.01768694669380     
  0.73028571428571432        306.00870228664104     
  0.73085714285714287        305.98434929014002     
  0.73142857142857154        305.97533200092283     
  0.73200000000000010        305.95101163358623     
  0.73257142857142865        305.94196171520468     
  0.73314285714285721        305.91767397703245     
  0.73371428571428576        305.90859142948648     
  0.73428571428571432        305.88433632047861     
  0.73485714285714288        305.87522114376833     
  0.73542857142857143        305.85099866392483     
  0.73600000000000010        305.84185085805012     
  0.73657142857142865        305.81766100737104     
  0.73714285714285721        305.80848057233192     
  0.73771428571428577        305.78432335081720     
  0.73828571428571432        305.77511028661371     
  0.73885714285714288        305.75098569426336     
  0.73942857142857144        305.74174000089550     
  0.74000000000000010        305.71764803770958     
  0.74057142857142866        305.70836971517724     
  0.74114285714285721        305.68431038115574     
  0.74171428571428577        305.67499942945904     
  0.74228571428571433        305.65097272460184     
  0.74285714285714288        305.64162914374083     
  0.74342857142857144        305.61763506804800     
  0.74400000000000011        305.60825885802262     
  0.74457142857142866        305.58429741149422     
  0.74514285714285722        305.57488857230442     
  0.74571428571428577        305.55095975494038     
  0.74628571428571433        305.54151828658627     
  0.74685714285714289        305.51762209838648     
  0.74742857142857144        305.50814800086806     
  0.74800000000000011        305.48428444183259     
  0.74857142857142867        305.47477771514986     
  0.74914285714285722        305.45094678527875     
  0.74971428571428578        305.44140742943165     
  0.75028571428571433        305.41760912872491     
  0.75085714285714289        305.40803714371344     
  0.75142857142857145        305.38427147217106     
  0.75200000000000000        305.37466685799524     
  0.75257142857142867        305.35093381561722     
  0.75314285714285722        305.34129657227703     
  0.75371428571428578        305.31759615906333     
  0.75428571428571434        305.30792628655882     
  0.75485714285714289        305.28425850250949     
  0.75542857142857145        305.27455600084056     
  0.75600000000000001        305.25092084595565     
  0.75657142857142867        305.24118571512230     
  0.75714285714285723        305.21758318940175     
  0.75771428571428578        305.20781542940409     
  0.75828571428571434        305.18424553284791     
  0.75885714285714290        305.17444514368589     
  0.75942857142857145        305.15090787629413     
  0.76000000000000001        305.14107485796768     
  0.76057142857142868        305.11757021974034     
  0.76114285714285723        305.10770457224942     
  0.76171428571428579        305.08423256318650     
  0.76228571428571434        305.07433428653121     
  0.76285714285714290        305.05089490663266     
  0.76342857142857146        305.04096400081301     
  0.76400000000000001        305.01755725007882     
  0.76457142857142868        305.00759371509480     
  0.76514285714285724        304.98421959352504     
  0.76571428571428579        304.97422342937659     
  0.76628571428571435        304.95088193697126     
  0.76685714285714290        304.94085314365839     
  0.76742857142857146        304.91754428041747     
  0.76800000000000002        304.90748285794012     
  0.76857142857142868        304.88420662386363     
  0.76914285714285724        304.87411257222192     
  0.76971428571428580        304.85086896730979     
  0.77028571428571435        304.84074228650366     
  0.77085714285714291        304.81753131075601     
  0.77142857142857146        304.80737200078534     
  0.77200000000000002        304.78419365420217     
  0.77257142857142858        304.77400171506702     
  0.77314285714285724        304.75085599764839     
  0.77371428571428580        304.74063142934870     
  0.77428571428571435        304.71751834109460     
  0.77485714285714291        304.70726114363038     
  0.77542857142857147        304.68418068454082     
  0.77600000000000002        304.67389085791206     
  0.77657142857142858        304.65084302798709     
  0.77714285714285725        304.64052057219374     
  0.77771428571428580        304.61750537143331     
  0.77828571428571436        304.60715028647542     
  0.77885714285714291        304.58416771487953     
  0.77942857142857147        304.57378000075710     
  0.78000000000000003        304.55083005832574     
  0.78057142857142858        304.54040971503872     
  0.78114285714285725        304.51749240177202     
  0.78171428571428581        304.50703942932040     
  0.78228571428571436        304.48415474521823     
  0.78285714285714292        304.47366914360208     
  0.78342857142857147        304.45081708866451     
  0.78400000000000003        304.44029885788376     
  0.78457142857142859        304.41747943211072     
  0.78514285714285725        304.40692857216538     
  0.78571428571428581        304.38414177555694     
  0.78628571428571437        304.37355828644706     
  0.78685714285714292        304.35080411900316     
  0.78742857142857148        304.34018800072869     
  0.78800000000000003        304.31746646244937     
  0.78857142857142859        304.30681771501031     
  0.78914285714285726        304.28412880589553     
  0.78971428571428581        304.27344742929193     
  0.79028571428571437        304.25079114934169     
  0.79085714285714293        304.24007714357356     
  0.79142857142857148        304.21745349278785     
  0.79200000000000004        304.20670685785518     
  0.79257142857142859        304.18411583623401     
  0.79314285714285715        304.17333657213680     
  0.79371428571428582        304.15077817968017     
  0.79428571428571437        304.13996628641843     
  0.79485714285714293        304.11744052312633     
  0.79542857142857148        304.10659600070011     
  0.79600000000000004        304.08410286657249     
  0.79657142857142860        304.07322571498179     
  0.79714285714285715        304.05076521001877     
  0.79771428571428582        304.03985542926347     
  0.79828571428571438        304.01742755346493     
  0.79885714285714293        304.00648514354521     
  0.79942857142857149        303.98408989691120     
  0.80000000000000004        303.97311485782689     
  0.80057142857142860        303.95075224035742     
  0.80114285714285716        303.93974457210857     
  0.80171428571428582        303.91741458380363     
  0.80228571428571438        303.90637428639019     
  0.80285714285714294        303.88407692724985     
  0.80342857142857149        303.87300400067181     
  0.80400000000000005        303.85073927069612     
  0.80457142857142860        303.83963371495349     
  0.80514285714285716        303.81740161414234     
  0.80571428571428583        303.80626342923517     
  0.80628571428571438        303.78406395758856     
  0.80685714285714294        303.77289314351685     
  0.80742857142857150        303.75072630103477     
  0.80800000000000005        303.73952285779848     
  0.80857142857142861        303.71738864448099     
  0.80914285714285716        303.70615257208010     
  0.80971428571428572        303.68405098792721     
  0.81028571428571439        303.67278228636178     
  0.81085714285714294        303.65071333137342     
  0.81142857142857150        303.63941200064340     
  0.81200000000000006        303.61737567481964     
  0.81257142857142861        303.60604171492497     
  0.81314285714285717        303.58403801826586     
  0.81371428571428572        303.57267142920659     
  0.81428571428571439        303.55070036171207     
  0.81485714285714295        303.53930114348816     
  0.81542857142857150        303.51736270515829     
  0.81600000000000006        303.50593085776978     
  0.81657142857142861        303.48402504860445     
  0.81714285714285717        303.47256057205141     
  0.81771428571428573        303.45068739205067     
  0.81828571428571439        303.43919028633303     
  0.81885714285714295        303.41734973549688     
  0.81942857142857151        303.40582000061460     
  0.82000000000000006        303.38401207894310     
  0.82057142857142862        303.37244971489616     
  0.82114285714285717        303.35067442238926     
  0.82171428571428573        303.33907942917773     
  0.82228571428571440        303.31733676583542     
  0.82285714285714295        303.30570914345930     
  0.82342857142857151        303.28399910928158     
  0.82400000000000007        303.27233885774086     
  0.82457142857142862        303.25066145272780     
  0.82514285714285718        303.23896857202243     
  0.82571428571428573        303.21732379617407     
  0.82628571428571440        303.20559828630405     
  0.82685714285714296        303.18398613962034     
  0.82742857142857151        303.17222800058568     
  0.82800000000000007        303.15064848306662     
  0.82857142857142863        303.13885771486724     
  0.82914285714285718        303.11731082651283     
  0.82971428571428574        303.10548742914881     
  0.83028571428571429        303.08397316995911     
  0.83085714285714296        303.07211714343043     
  0.83142857142857152        303.05063551340533     
  0.83200000000000007        303.03874685771206     
  0.83257142857142863        303.01729785685160     
  0.83314285714285718        303.00537657199368     
  0.83371428571428574        302.98396020029782     
  0.83428571428571430        302.97200628627530     
  0.83485714285714296        302.95062254374409     
  0.83542857142857152        302.93863600055698     
  0.83600000000000008        302.91728488719042     
  0.83657142857142863        302.90526571483861     
  0.83714285714285719        302.88394723063664     
  0.83771428571428574        302.87189542912023     
  0.83828571428571430        302.85060957408285     
  0.83885714285714297        302.83852514340185     
  0.83942857142857152        302.81727191752907     
  0.84000000000000008        302.80515485768342     
  0.84057142857142864        302.78393426097534     
  0.84114285714285719        302.77178457196504     
  0.84171428571428575        302.75059660442162     
  0.84228571428571430        302.73841428624667     
  0.84285714285714297        302.71725894786783     
  0.84342857142857153        302.70504400052823     
  0.84400000000000008        302.68392129131405     
  0.84457142857142864        302.67167371480980     
  0.84514285714285720        302.65058363476027     
  0.84571428571428575        302.63830342909137     
  0.84628571428571431        302.61724597820648     
  0.84685714285714297        302.60493314337299     
  0.84742857142857153        302.58390832165276     
  0.84800000000000009        302.57156285765461     
  0.84857142857142864        302.55057066509897     
  0.84914285714285720        302.53819257193624     
  0.84971428571428576        302.51723300854519     
  0.85028571428571431        302.50482228621786     
  0.85085714285714287        302.48389535199141     
  0.85142857142857153        302.47145200049954     
  0.85200000000000009        302.45055769543757     
  0.85257142857142865        302.43808171478122     
  0.85314285714285720        302.41722003888373     
  0.85371428571428576        302.40471142906290     
  0.85428571428571431        302.38388238232994     
  0.85485714285714287        302.37134114334464     
  0.85542857142857154        302.35054472577610     
  0.85600000000000009        302.33797085762632     
  0.85657142857142865        302.31720706922226     
  0.85714285714285721        302.30460057190800     
  0.85771428571428576        302.28386941266848     
  0.85828571428571432        302.27123028618968     
  0.85885714285714287        302.25053175611470     
  0.85942857142857154        302.23786000047141     
  0.86000000000000010        302.21719409956097     
  0.86057142857142865        302.20448971475309     
  0.86114285714285721        302.18385644300719     
  0.86171428571428577        302.17111942903477     
  0.86228571428571432        302.15051878645340     
  0.86285714285714288        302.13774914331651     
  0.86342857142857155        302.11718112989962     
  0.86400000000000010        302.10437885759825     
  0.86457142857142866        302.08384347334595     
  0.86514285714285721        302.07100857188004     
  0.86571428571428577        302.05050581679222     
  0.86628571428571433        302.03763828616178     
  0.86685714285714288        302.01716816023850     
  0.86742857142857155        302.00426800044352     
  0.86800000000000010        301.98383050368477     
  0.86857142857142866        301.97089771472525     
  0.86914285714285722        301.95049284713110     
  0.86971428571428577        301.93752742900693     
  0.87028571428571433        301.91715519057738     
  0.87085714285714289        301.90415714328861     
  0.87142857142857144        301.88381753402365     
  0.87200000000000011        301.87078685757035     
  0.87257142857142866        301.85047987746987     
  0.87314285714285722        301.83741657185209     
  0.87371428571428578        301.81714222091608     
  0.87428571428571433        301.80404628613383     
  0.87485714285714289        301.78380456436230     
  0.87542857142857144        301.77067600041556     
  0.87600000000000011        301.75046690780857     
  0.87657142857142867        301.73730571469730     
  0.87714285714285722        301.71712925125485     
  0.87771428571428578        301.70393542897904     
  0.87828571428571434        301.68379159470106     
  0.87885714285714289        301.67056514326077     
  0.87942857142857145        301.65045393814728     
  0.88000000000000012        301.63719485754251     
  0.88057142857142867        301.61711628159350     
  0.88114285714285723        301.60382457182419     
  0.88171428571428578        301.58377862503971     
  0.88228571428571434        301.57045428610587     
  0.88285714285714290        301.55044096848593     
  0.88342857142857145        301.53708400038761     
  0.88400000000000012        301.51710331193215     
  0.88457142857142868        301.50371371466935     
  0.88514285714285723        301.48376565537836     
  0.88571428571428579        301.47034342895108     
  0.88628571428571434        301.45042799882458     
  0.88685714285714290        301.43697314323288     
  0.88742857142857146        301.41709034227074     
  0.88800000000000001        301.40360285751461     
  0.88857142857142868        301.38375268571690     
  0.88914285714285723        301.37023257179641     
  0.88971428571428579        301.35041502916312     
  0.89028571428571435        301.33686228607814     
  0.89085714285714290        301.31707737260933     
  0.89142857142857146        301.30349200035994     
  0.89200000000000002        301.28373971605555     
  0.89257142857142868        301.27012171464168     
  0.89314285714285724        301.25040205950171     
  0.89371428571428579        301.23675142892341     
  0.89428571428571435        301.21706440294787     
  0.89485714285714291        301.20338114320515     
  0.89542857142857146        301.18372674639397     
  0.89600000000000002        301.17001085748689     
  0.89657142857142869        301.15038908984013     
  0.89714285714285724        301.13664057176868     
  0.89771428571428580        301.11705143328635     
  0.89828571428571435        301.10327028605047     
  0.89885714285714291        301.08371377673257     
  0.89942857142857147        301.06990000033232     
  0.90000000000000002        301.05037612017878     
  0.90057142857142869        301.03652971461418     
  0.90114285714285725        301.01703846362494     
  0.90171428571428580        301.00315942889603     
  0.90228571428571436        300.98370080707116     
  0.90285714285714291        300.96978914317788     
  0.90342857142857147        300.95036315051732     
  0.90400000000000003        300.93641885745967     
  0.90457142857142869        300.91702549396348     
  0.90514285714285725        300.90304857174152     
  0.90571428571428581        300.88368783740964     
  0.90628571428571436        300.86967828602337     
  0.90685714285714292        300.85035018085580     
  0.90742857142857147        300.83630800030517     
  0.90800000000000003        300.81701252430196     
  0.90857142857142859        300.80293771458702     
  0.90914285714285725        300.78367486774812     
  0.90971428571428581        300.76956742886881     
  0.91028571428571436        300.75033721119428     
  0.91085714285714292        300.73619714315066     
  0.91142857142857148        300.71699955464044     
  0.91200000000000003        300.70282685743251     
  0.91257142857142859        300.68366189808665     
  0.91314285714285726        300.66945657171436     
  0.91371428571428581        300.65032424153281     
  0.91428571428571437        300.63608628599621     
  0.91485714285714292        300.61698658497903     
  0.91542857142857148        300.60271600027801     
  0.91600000000000004        300.58364892842525     
  0.91657142857142859        300.56934571455986     
  0.91714285714285726        300.55031127187141     
  0.91771428571428582        300.53597542884171     
  0.91828571428571437        300.51697361531762     
  0.91885714285714293        300.50260514312356     
  0.91942857142857148        300.48363595876378     
  0.92000000000000004        300.46923485740541     
  0.92057142857142860        300.45029830221000     
  0.92114285714285726        300.43586457168732     
  0.92171428571428582        300.41696064565622     
  0.92228571428571438        300.40249428596923     
  0.92285714285714293        300.38362298910243     
  0.92342857142857149        300.36912400025113     
  0.92400000000000004        300.35028533254865     
  0.92457142857142860        300.33575371453304     
  0.92514285714285727        300.31694767599487     
  0.92571428571428582        300.30238342881489     
  0.92628571428571438        300.28361001944114     
  0.92685714285714293        300.26901314309674     
  0.92742857142857149        300.25027236288736     
  0.92800000000000005        300.23564285737865     
  0.92857142857142860        300.21693470633363     
  0.92914285714285716        300.20227257166050     
  0.92971428571428583        300.18359704977985     
  0.93028571428571438        300.16890228594241     
  0.93085714285714294        300.15025939322607     
  0.93142857142857149        300.13553200022432     
  0.93200000000000005        300.11692173667228     
  0.93257142857142861        300.10216171450617     
  0.93314285714285716        300.08358408011856     
  0.93371428571428583        300.06879142878807     
  0.93428571428571439        300.05024642356477     
  0.93485714285714294        300.03542114306998     
  0.93542857142857150        300.01690876701099     
  0.93600000000000005        300.00205085735189     
  0.93657142857142861        299.98357111045721     
  0.93714285714285717        299.96868057163385     
  0.93771428571428583        299.95023345390337     
  0.93828571428571439        299.93531028591582     
  0.93885714285714295        299.91689579734958     
  0.93942857142857150        299.90194000019784     
  0.94000000000000006        299.88355814079580     
  0.94057142857142861        299.86856971447986     
  0.94114285714285717        299.85022048424207     
  0.94171428571428584        299.83519942876188     
  0.94228571428571439        299.81688282768829     
  0.94285714285714295        299.80182914304385     
  0.94342857142857151        299.78354517113456     
  0.94400000000000006        299.76845885732581     
  0.94457142857142862        299.75020751458084     
  0.94514285714285717        299.73508857160772     
  0.94571428571428584        299.71686985802711     
  0.94628571428571440        299.70171828588963     
  0.94685714285714295        299.68353220147344     
  0.94742857142857151        299.66834800017159     
  0.94800000000000006        299.65019454491971     
  0.94857142857142862        299.63497771445350     
  0.94914285714285718        299.61685688836599     
  0.94971428571428573        299.60160742873541     
  0.95028571428571440        299.58351923181232     
  0.95085714285714296        299.56823714301731     
  0.95142857142857151        299.55018157525859     
  0.95200000000000007        299.53486685729928     
  0.95257142857142862        299.51684391870486     
  0.95314285714285718        299.50149657158130     
  0.95371428571428574        299.48350626215114     
  0.95428571428571440        299.46812628586332     
  0.95485714285714296        299.45016860559741     
  0.95542857142857152        299.43475600014534     
  0.95600000000000007        299.41683094904369     
  0.95657142857142863        299.40138571442725     
  0.95714285714285718        299.38349329248996     
  0.95771428571428574        299.36801542870921     
  0.95828571428571441        299.35015563593623     
  0.95885714285714296        299.33464514299123     
  0.95942857142857152        299.31681797938251     
  0.96000000000000008        299.30127485727320     
  0.96057142857142863        299.28348032282884     
  0.96114285714285719        299.26790457155516     
  0.96171428571428574        299.25014266627511     
  0.96228571428571441        299.23453428583719     
  0.96285714285714297        299.21680500972138     
  0.96342857142857152        299.20116400011915     
  0.96400000000000008        299.18346735316766     
  0.96457142857142864        299.16779371440117     
  0.96514285714285719        299.15012969661387     
  0.96571428571428575        299.13442342868319     
  0.96628571428571430        299.11679204006020     
  0.96685714285714297        299.10105314296521     
  0.96742857142857153        299.08345438350648     
  0.96800000000000008        299.06768285724718     
  0.96857142857142864        299.05011672695269     
  0.96914285714285719        299.03431257152914     
  0.96971428571428575        299.01677907039897     
  0.97028571428571431        299.00094228581111     
  0.97085714285714297        298.98344141384518     
  0.97142857142857153        298.96757200009313     
  0.97200000000000009        298.95010375729146     
  0.97257142857142864        298.93420171437515     
  0.97314285714285720        298.91676610073768     
  0.97371428571428575        298.90083142865711     
  0.97428571428571431        298.88342844418395     
  0.97485714285714298        298.86746114293908     
  0.97542857142857153        298.85009078763017     
  0.97600000000000009        298.83409085722099     
  0.97657142857142865        298.81675313107644     
  0.97714285714285720        298.80072057150289     
  0.97771428571428576        298.78341547452266     
  0.97828571428571431        298.76735028578480     
  0.97885714285714298        298.75007781796887     
  0.97942857142857154        298.73398000006671     
  0.98000000000000009        298.71674016141509     
  0.98057142857142865        298.70060971434862     
  0.98114285714285721        298.68340250486136     
  0.98171428571428576        298.66723942863047     
  0.98228571428571432        298.65006484830752     
  0.98285714285714298        298.63386914291237     
  0.98342857142857154        298.61672719175368     
  0.98400000000000010        298.60049885719428     
  0.98457142857142865        298.58338953519984     
  0.98514285714285721        298.56712857147625     
  0.98571428571428577        298.55005187864606     
  0.98628571428571432        298.53375828575815     
  0.98685714285714288        298.51671422209228     
  0.98742857142857154        298.50038800004000     
  0.98800000000000010        298.48337656553849     
  0.98857142857142866        298.46701771432191     
  0.98914285714285721        298.45003890898465     
  0.98971428571428577        298.43364742860382     
  0.99028571428571432        298.41670125243081     
  0.99085714285714288        298.40027714288578     
  0.99142857142857155        298.38336359587697     
  0.99200000000000010        298.36690685716769     
  0.99257142857142866        298.35002593932319     
  0.99314285714285722        298.33353657144960     
  0.99371428571428577        298.31668828276929     
  0.99428571428571433        298.30016628573145     
  0.99485714285714288        298.28335062621545     
  0.99542857142857155        298.26679600001336     
  0.99600000000000011        298.25001296966161     
  0.99657142857142866        298.23342571429527     
  0.99714285714285722        298.21667531310771     
  0.99771428571428578        298.20005542857712     
  0.99828571428571433        298.18333765655387     
  0.99885714285714289        298.16668514285902     
  0.99942857142857155        298.14999999999998     
