   0.0000000000000000        500.00000000000000     
   8.3333333333333329E-002   463.07464441325283     
  0.16666666666666666        436.81716144470192     
  0.25000000000000000        389.22194255313514     
  0.33333333333333331        373.63432288940385     
  0.41666666666666663        315.38189246641451     
  0.50000000000000000        310.45148433410583     
  0.58333333333333326        309.62884856806738     
  0.66666666666666663        305.53089060046341     
  0.75000000000000000        303.89058726377215     
  0.83333333333333326        300.61029686682116     
  0.91666666666666663        298.14999999999998     
