   0.0000000000000000       0.50300000000000000     
   2.0000000000000000E-003  0.50600599199999996     
   4.0000000000000001E-003  0.50901797198400001     
   6.0000000000000001E-003  0.51203593592796803     
   8.0000000000000002E-003  0.51505987979982393     
   1.0000000000000000E-002  0.51808979955942358     
   1.2000000000000000E-002  0.52112569115854246     
   1.4000000000000000E-002  0.52416755054085951     
   1.6000000000000000E-002  0.52721537364194127     
   1.8000000000000002E-002  0.53026915638922512     
   2.0000000000000000E-002  0.53332889470200362     
   2.1999999999999999E-002  0.53639458449140764     
   2.4000000000000000E-002  0.53946622166039049     
   2.6000000000000002E-002  0.54254380210371123     
   2.8000000000000001E-002  0.54562732170791861     
   2.9999999999999999E-002  0.54871677635133442     
   3.2000000000000001E-002  0.55181216190403715     
   3.4000000000000002E-002  0.55491347422784520     
   3.6000000000000004E-002  0.55802070917630087     
   3.7999999999999999E-002  0.56113386259465348     
   4.0000000000000001E-002  0.56425293031984280     
   4.2000000000000003E-002  0.56737790818048250     
   4.3999999999999997E-002  0.57050879199684346     
   4.5999999999999999E-002  0.57364557758083712     
   4.8000000000000001E-002  0.57678826073599876     
   5.0000000000000003E-002  0.57993683725747081     
   5.2000000000000005E-002  0.58309130293198574     
   5.3999999999999999E-002  0.58625165353784969     
   5.6000000000000001E-002  0.58941788484492541     
   5.8000000000000003E-002  0.59258999261461531     
   5.9999999999999998E-002  0.59576797259984460     
   6.2000000000000000E-002  0.59895182054504426     
   6.4000000000000001E-002  0.60214153218613431     
   6.6000000000000003E-002  0.60533710325050660     
   6.8000000000000005E-002  0.60853852945700759     
   7.0000000000000007E-002  0.61174580651592159     
   7.2000000000000008E-002  0.61495893012895342     
   7.3999999999999996E-002  0.61817789598921136     
   7.5999999999999998E-002  0.62140269978118978     
   7.8000000000000000E-002  0.62463333718075220     
   8.0000000000000002E-002  0.62786980385511371     
   8.2000000000000003E-002  0.63111209546282399     
   8.4000000000000005E-002  0.63436020765374967     
   8.6000000000000007E-002  0.63761413606905715     
   8.7999999999999995E-002  0.64087387634119530     
   8.9999999999999997E-002  0.64413942409387770     
   9.1999999999999998E-002  0.64741077494206545     
   9.4000000000000000E-002  0.65068792449194957     
   9.6000000000000002E-002  0.65397086834093343     
   9.8000000000000004E-002  0.65725960207761525     
  0.10000000000000001       0.66055412128177049     
  0.10200000000000001       0.66385442152433405     
  0.10400000000000001       0.66716049836738267     
  0.10600000000000000       0.67047234736411743     
  0.10800000000000000       0.67378996405884561     
  0.11000000000000000       0.67711334398696332     
  0.11200000000000000       0.68044248267493723     
  0.11400000000000000       0.68377737564028707     
  0.11600000000000001       0.68711801839156761     
  0.11800000000000001       0.69046440642835072     
  0.12000000000000000       0.69381653524120745     
  0.12200000000000000       0.69717440031168987     
  0.12400000000000000       0.70053799711231324     
  0.12600000000000000       0.70390732110653786     
  0.12800000000000000       0.70728236774875097     
  0.13000000000000000       0.71066313248424851     
  0.13200000000000001       0.71404961074921702     
  0.13400000000000001       0.71744179797071550     
  0.13600000000000001       0.72083968956665689     
  0.13800000000000001       0.72424328094579016     
  0.14000000000000001       0.72765256750768170     
  0.14200000000000002       0.73106754464269708     
  0.14400000000000002       0.73448820773198242     
  0.14599999999999999       0.73791455214744639     
  0.14799999999999999       0.74134657325174125     
  0.14999999999999999       0.74478426639824469     
  0.15200000000000000       0.74822762693104117     
  0.15400000000000000       0.75167665018490326     
  0.15600000000000000       0.75513133148527312     
  0.15800000000000000       0.75859166614824369     
  0.16000000000000000       0.76205764948054022     
  0.16200000000000001       0.76552927677950133     
  0.16400000000000001       0.76900654333306029     
  0.16600000000000001       0.77248944441972645     
  0.16800000000000001       0.77597797530856594     
  0.17000000000000001       0.77947213125918302     
  0.17200000000000001       0.78297190752170143     
  0.17400000000000002       0.78647729933674482     
  0.17599999999999999       0.78998830193541836     
  0.17799999999999999       0.79350491053928918     
  0.17999999999999999       0.79702712036036771     
  0.18200000000000000       0.80055492660108840     
  0.18400000000000000       0.80408832445429057     
  0.18600000000000000       0.80762730910319913     
  0.18800000000000000       0.81117187572140548     
  0.19000000000000000       0.81472201947284828     
  0.19200000000000000       0.81827773551179395     
  0.19400000000000001       0.82183901898281753     
  0.19600000000000001       0.82540586502078317     
  0.19800000000000001       0.82897826875082470     
  0.20000000000000001       0.83255622528832640     
  0.20200000000000001       0.83613972973890305     
  0.20400000000000001       0.83972877719838090     
  0.20600000000000002       0.84332336275277764     
  0.20800000000000002       0.84692348147828322     
  0.20999999999999999       0.85052912844123985     
  0.21199999999999999       0.85414029869812236     
  0.21400000000000000       0.85775698729551864     
  0.21600000000000000       0.86137918927010970     
  0.21800000000000000       0.86500689964864996     
  0.22000000000000000       0.86864011344794723     
  0.22200000000000000       0.87227882567484316     
  0.22400000000000000       0.87592303132619287     
  0.22600000000000001       0.87957272538884523     
  0.22800000000000001       0.88322790283962294     
  0.23000000000000001       0.88688855864530214     
  0.23200000000000001       0.89055468776259272     
  0.23400000000000001       0.89422628513811786     
  0.23600000000000002       0.89790334570839414     
  0.23800000000000002       0.90158586439981092     
  0.23999999999999999       0.90527383612861057     
  0.24199999999999999       0.90896725580086779     
  0.24399999999999999       0.91266611831246958     
  0.24600000000000000       0.91637041854909451     
  0.24800000000000000       0.92008015138619270     
  0.25000000000000000       0.92379531168896512     
  0.25200000000000000       0.92751589431234305     
  0.25400000000000000       0.93124189410096769     
  0.25600000000000001       0.93497330588916960     
  0.25800000000000001       0.93871012450094793     
  0.26000000000000001       0.94245234474994988     
  0.26200000000000001       0.94619996143944973     
  0.26400000000000001       0.94995296936232865     
  0.26600000000000001       0.95371136330105333     
  0.26800000000000002       0.95747513802765538     
  0.27000000000000002       0.96124428830371067     
  0.27200000000000002       0.96501880888031810     
  0.27400000000000002       0.96879869449807876     
  0.27600000000000002       0.97258393988707492     
  0.27800000000000002       0.97637453976684907     
  0.28000000000000003       0.98017048884638280     
  0.28200000000000003       0.98397178182407552     
  0.28400000000000003       0.98777841338772365     
  0.28600000000000003       0.99159037821449914     
  0.28800000000000003       0.99540767097092808     
  0.28999999999999998       0.99923028631286992     
  0.29199999999999998        1.0030582188854957     
  0.29399999999999998        1.0068914633232666     
  0.29599999999999999        1.0107300142499132     
  0.29799999999999999        1.0145738662784130     
  0.29999999999999999        1.0184230140109698     
  0.30199999999999999        1.0222774520389917     
  0.30399999999999999        1.0261371749430697     
  0.30599999999999999        1.0300021772929557     
  0.30800000000000000        1.0338724536475417     
  0.31000000000000000        1.0377479985548368     
  0.31200000000000000        1.0416288065519466     
  0.31400000000000000        1.0455148721650505     
  0.31600000000000000        1.0494061899093805     
  0.31800000000000000        1.0533027542891993     
  0.32000000000000001        1.0572045597977777     
  0.32200000000000001        1.0611116009173733     
  0.32400000000000001        1.0650238721192080     
  0.32600000000000001        1.0689413678634465     
  0.32800000000000001        1.0728640825991733     
  0.33000000000000002        1.0767920107643716     
  0.33200000000000002        1.0807251467859003     
  0.33400000000000002        1.0846634850794721     
  0.33600000000000002        1.0886070200496309     
  0.33800000000000002        1.0925557460897302     
  0.34000000000000002        1.0965096575819095     
  0.34200000000000003        1.1004687488970735     
  0.34400000000000003        1.1044330143948675     
  0.34600000000000003        1.1084024484236572     
  0.34800000000000003        1.1123770453205044     
  0.35000000000000003        1.1163567994111454     
  0.35199999999999998        1.1203417050099678     
  0.35399999999999998        1.1243317564199877     
  0.35599999999999998        1.1283269479328277     
  0.35799999999999998        1.1323272738286934     
  0.35999999999999999        1.1363327283763507     
  0.36199999999999999        1.1403433058331034     
  0.36399999999999999        1.1443590004447697     
  0.36599999999999999        1.1483798064456592     
  0.36799999999999999        1.1524057180585505     
  0.37000000000000000        1.1564367294946676     
  0.37200000000000000        1.1604728349536568     
  0.37400000000000000        1.1645140286235642     
  0.37600000000000000        1.1685603046808113     
  0.37800000000000000        1.1726116572901728     
  0.38000000000000000        1.1766680806047531     
  0.38200000000000001        1.1807295687659627     
  0.38400000000000001        1.1847961159034945     
  0.38600000000000001        1.1888677161353016     
  0.38800000000000001        1.1929443635675723     
  0.39000000000000001        1.1970260522947074     
  0.39200000000000002        1.2011127763992968     
  0.39400000000000002        1.2052045299520955     
  0.39600000000000002        1.2093013070119998     
  0.39800000000000002        1.2134031016260238     
  0.40000000000000002        1.2175099078292759     
  0.40200000000000002        1.2216217196449344     
  0.40400000000000003        1.2257385310842241     
  0.40600000000000003        1.2298603361463927     
  0.40800000000000003        1.2339871288186854     
  0.41000000000000003        1.2381189030763229     
  0.41200000000000003        1.2422556528824755     
  0.41400000000000003        1.2463973721882404     
  0.41600000000000004        1.2505440549326170     
  0.41799999999999998        1.2546956950424821     
  0.41999999999999998        1.2588522864325671     
  0.42199999999999999        1.2630138230054322     
  0.42399999999999999        1.2671802986514431     
  0.42599999999999999        1.2713517072487459     
  0.42799999999999999        1.2755280426632434     
  0.42999999999999999        1.2797092987485699     
  0.43200000000000000        1.2838954693460669     
  0.43400000000000000        1.2880865482847590     
  0.43600000000000000        1.2922825293813285     
  0.43800000000000000        1.2964834064400912     
  0.44000000000000000        1.3006891732529713     
  0.44200000000000000        1.3048998235994773     
  0.44400000000000001        1.3091153512466762     
  0.44600000000000001        1.3133357499491696     
  0.44800000000000001        1.3175610134490678     
  0.45000000000000001        1.3217911354759659     
  0.45200000000000001        1.3260261097469179     
  0.45400000000000001        1.3302659299664117     
  0.45600000000000002        1.3345105898263445     
  0.45800000000000002        1.3387600830059971     
  0.46000000000000002        1.3430144031720090     
  0.46200000000000002        1.3472735439783530     
  0.46400000000000002        1.3515374990663096     
  0.46600000000000003        1.3558062620644422     
  0.46800000000000003        1.3600798265885712     
  0.47000000000000003        1.3643581862417484     
  0.47200000000000003        1.3686413346142319     
  0.47400000000000003        1.3729292652834604     
  0.47600000000000003        1.3772219718140273     
  0.47800000000000004        1.3815194477576553     
  0.47999999999999998        1.3858216866531707     
  0.48199999999999998        1.3901286820264771     
  0.48399999999999999        1.3944404273905300     
  0.48599999999999999        1.3987569162453111     
  0.48799999999999999        1.4030781420778018     
  0.48999999999999999        1.4074040983619573     
  0.49199999999999999        1.4117347785586813     
  0.49399999999999999        1.4160701761157988     
  0.49600000000000000        1.4204102844680304     
  0.49800000000000000        1.4247550970369665     
  0.50000000000000000        1.4291046072310405     
  0.50200000000000000        1.4334588084455027     
  0.50400000000000000        1.4378176940623937     
  0.50600000000000001        1.4421812574505184     
  0.50800000000000001        1.4465494919654194     
  0.51000000000000001        1.4509223909493503     
  0.51200000000000001        1.4552999477312489     
  0.51400000000000001        1.4596821556267114     
  0.51600000000000001        1.4640690079379648     
  0.51800000000000002        1.4684604979538407     
  0.52000000000000002        1.4728566189497483     
  0.52200000000000002        1.4772573641876479     
  0.52400000000000002        1.4816627269160232     
  0.52600000000000002        1.4860727003698553     
  0.52800000000000002        1.4904872777705951     
  0.53000000000000003        1.4949064523261362     
  0.53200000000000003        1.4993302172307885     
  0.53400000000000003        1.5037585656652501     
  0.53600000000000003        1.5081914907965805     
  0.53800000000000003        1.5126289857781736     
  0.54000000000000004        1.5170710437497299     
  0.54200000000000004        1.5215176578372294     
  0.54400000000000004        1.5259688211529039     
  0.54600000000000004        1.5304245267952097     
  0.54800000000000004        1.5348847678488000     
  0.55000000000000004        1.5393495373844976     
  0.55200000000000005        1.5438188284592667     
  0.55400000000000005        1.5482926341161851     
  0.55600000000000005        1.5527709473844176     
  0.55800000000000005        1.5572537612791864     
  0.56000000000000005        1.5617410688017448     
  0.56200000000000006        1.5662328629393483     
  0.56400000000000006        1.5707291366652270     
  0.56600000000000006        1.5752298829385574     
  0.56800000000000006        1.5797350947044344     
  0.57000000000000006        1.5842447648938434     
  0.57200000000000006        1.5887588864236311     
  0.57400000000000007        1.5932774521964783     
  0.57600000000000007        1.5978004551008713     
  0.57799999999999996        1.6023278880110730     
  0.57999999999999996        1.6068597437870951     
  0.58199999999999996        1.6113960152746694     
  0.58399999999999996        1.6159366953052188     
  0.58599999999999997        1.6204817766958293     
  0.58799999999999997        1.6250312522492210     
  0.58999999999999997        1.6295851147537195     
  0.59199999999999997        1.6341433569832269     
  0.59399999999999997        1.6387059716971932     
  0.59599999999999997        1.6432729516405875     
  0.59799999999999998        1.6478442895438687     
  0.59999999999999998        1.6524199781229565     
  0.60199999999999998        1.6570000100792024     
  0.60399999999999998        1.6615843780993609     
  0.60599999999999998        1.6661730748555597     
  0.60799999999999998        1.6707660930052708     
  0.60999999999999999        1.6753634251912812     
  0.61199999999999999        1.6799650640416639     
  0.61399999999999999        1.6845710021697473     
  0.61599999999999999        1.6891812321740869     
  0.61799999999999999        1.6937957466384350     
  0.62000000000000000        1.6984145381317119     
  0.62200000000000000        1.7030375992079754     
  0.62400000000000000        1.7076649224063913     
  0.62600000000000000        1.7122965002512041     
  0.62800000000000000        1.7169323252517064     
  0.63000000000000000        1.7215723899022097     
  0.63200000000000001        1.7262166866820141     
  0.63400000000000001        1.7308652080553781     
  0.63600000000000001        1.7355179464714889     
  0.63800000000000001        1.7401748943644320     
  0.64000000000000001        1.7448360441531607     
  0.64200000000000002        1.7495013882414669     
  0.64400000000000002        1.7541709190179500     
  0.64600000000000002        1.7588446288559858     
  0.64800000000000002        1.7635225101136978     
  0.65000000000000002        1.7682045551339252     
  0.65200000000000002        1.7728907562441929     
  0.65400000000000003        1.7775811057566813     
  0.65600000000000003        1.7822755959681946     
  0.65800000000000003        1.7869742191601310     
  0.66000000000000003        1.7916769675984512     
  0.66200000000000003        1.7963838335336482     
  0.66400000000000003        1.8010948092007155     
  0.66600000000000004        1.8058098868191170     
  0.66800000000000004        1.8105290585927554     
  0.67000000000000004        1.8152523167099408     
  0.67200000000000004        1.8199796533433608     
  0.67400000000000004        1.8247110606500474     
  0.67600000000000005        1.8294465307713474     
  0.67800000000000005        1.8341860558328902     
  0.68000000000000005        1.8389296279445559     
  0.68200000000000005        1.8436772392004450     
  0.68400000000000005        1.8484288816788459     
  0.68600000000000005        1.8531845474422035     
  0.68800000000000006        1.8579442285370880     
  0.69000000000000006        1.8627079169941620     
  0.69200000000000006        1.8674756048281504     
  0.69400000000000006        1.8722472840378068     
  0.69600000000000006        1.8770229466058825     
  0.69800000000000006        1.8818025844990942     
  0.70000000000000007        1.8865861896680924     
  0.70200000000000007        1.8913737540474287     
  0.70399999999999996        1.8961652695555236     
  0.70599999999999996        1.9009607280946346     
  0.70799999999999996        1.9057601215508237     
  0.70999999999999996        1.9105634417939255     
  0.71199999999999997        1.9153706806775133     
  0.71399999999999997        1.9201818300388682     
  0.71599999999999997        1.9249968816989460     
  0.71799999999999997        1.9298158274623438     
  0.71999999999999997        1.9346386591172684     
  0.72199999999999998        1.9394653684355030     
  0.72399999999999998        1.9442959471723740     
  0.72599999999999998        1.9491303870667187     
  0.72799999999999998        1.9539686798408522     
  0.72999999999999998        1.9588108172005338     
  0.73199999999999998        1.9636567908349349     
  0.73399999999999999        1.9685065924166048     
  0.73599999999999999        1.9733602136014379     
  0.73799999999999999        1.9782176460286407     
  0.73999999999999999        1.9830788813206979     
  0.74199999999999999        1.9879439110833392     
  0.74399999999999999        1.9928127269055058     
  0.74600000000000000        1.9976853203593168     
  0.74800000000000000        2.0025616830000352     
  0.75000000000000000        2.0074418063660353     
  0.75200000000000000        2.0123256819787674     
  0.75400000000000000        2.0172133013427249     
  0.75600000000000001        2.0221046559454106     
  0.75800000000000001        2.0269997372573014     
  0.76000000000000001        2.0318985367318159     
  0.76200000000000001        2.0368010458052797     
  0.76400000000000001        2.0417072558968901     
  0.76600000000000001        2.0466171584086839     
  0.76800000000000002        2.0515307447255013     
  0.77000000000000002        2.0564480062149522     
  0.77200000000000002        2.0613689342273820     
  0.77400000000000002        2.0662935200958366     
  0.77600000000000002        2.0712217551360284     
  0.77800000000000002        2.0761536306463002     
  0.78000000000000003        2.0810891379075929     
  0.78200000000000003        2.0860282681834081     
  0.78400000000000003        2.0909710127197751     
  0.78600000000000003        2.0959173627452148     
  0.78800000000000003        2.1008673094707051     
  0.79000000000000004        2.1058208440896466     
  0.79200000000000004        2.1107779577778261     
  0.79400000000000004        2.1157386416933819     
  0.79600000000000004        2.1207028869767686     
  0.79800000000000004        2.1256706847507223     
  0.80000000000000004        2.1306420261202237     
  0.80200000000000005        2.1356169021724640     
  0.80400000000000005        2.1405953039768089     
  0.80600000000000005        2.1455772225847625     
  0.80800000000000005        2.1505626490299319     
  0.81000000000000005        2.1555515743279918     
  0.81200000000000006        2.1605439894766478     
  0.81400000000000006        2.1655398854556012     
  0.81600000000000006        2.1705392532265124     
  0.81800000000000006        2.1755420837329655     
  0.82000000000000006        2.1805483679004314     
  0.82200000000000006        2.1855580966362322     
  0.82400000000000007        2.1905712608295045     
  0.82600000000000007        2.1955878513511635     
  0.82800000000000007        2.2006078590538660     
  0.83000000000000007        2.2056312747719740     
  0.83200000000000007        2.2106580893215177     
  0.83399999999999996        2.2156882935001607     
  0.83599999999999997        2.2207218780871609     
  0.83799999999999997        2.2257588338433352     
  0.83999999999999997        2.2307991515110217     
  0.84199999999999997        2.2358428218140438     
  0.84399999999999997        2.2408898354576721     
  0.84599999999999997        2.2459401831285875     
  0.84799999999999998        2.2509938554948445     
  0.84999999999999998        2.2560508432058342     
  0.85199999999999998        2.2611111368922456     
  0.85399999999999998        2.2661747271660300     
  0.85599999999999998        2.2712416046203621     
  0.85799999999999998        2.2763117598296030     
  0.85999999999999999        2.2813851833492622     
  0.86199999999999999        2.2864618657159608     
  0.86399999999999999        2.2915417974473926     
  0.86599999999999999        2.2966249690422873     
  0.86799999999999999        2.3017113709803718     
  0.87000000000000000        2.3068009937223324     
  0.87200000000000000        2.3118938277097771     
  0.87400000000000000        2.3169898633651966     
  0.87600000000000000        2.3220890910919270     
  0.87800000000000000        2.3271915012741107     
  0.88000000000000000        2.3322970842766590     
  0.88200000000000001        2.3374058304452126     
  0.88400000000000001        2.3425177301061031     
  0.88600000000000001        2.3476327735663154     
  0.88800000000000001        2.3527509511134479     
  0.89000000000000001        2.3578722530156746     
  0.89200000000000002        2.3629966695217060     
  0.89400000000000002        2.3681241908607493     
  0.89600000000000002        2.3732548072424708     
  0.89800000000000002        2.3783885088569559     
  0.90000000000000002        2.3835252858746698     
  0.90200000000000002        2.3886651284464193     
  0.90400000000000003        2.3938080267033119     
  0.90600000000000003        2.3989539707567187     
  0.90800000000000003        2.4041029506982321     
  0.91000000000000003        2.4092549565996286     
  0.91200000000000003        2.4144099785128277     
  0.91400000000000003        2.4195680064698535     
  0.91600000000000004        2.4247290304827933     
  0.91800000000000004        2.4298930405437589     
  0.92000000000000004        2.4350600266248463     
  0.92200000000000004        2.4402299786780959     
  0.92400000000000004        2.4454028866354522     
  0.92600000000000005        2.4505787404087234     
  0.92800000000000005        2.4557575298895409     
  0.93000000000000005        2.4609392449493201     
  0.93200000000000005        2.4661238754392190     
  0.93400000000000005        2.4713114111900976     
  0.93600000000000005        2.4765018420124778     
  0.93800000000000006        2.4816951576965027     
  0.94000000000000006        2.4868913480118957     
  0.94200000000000006        2.4920904027079196     
  0.94400000000000006        2.4972923115133354     
  0.94600000000000006        2.5024970641363620     
  0.94800000000000006        2.5077046502646345     
  0.95000000000000007        2.5129150595651639     
  0.95200000000000007        2.5181282816842940     
  0.95400000000000007        2.5233443062476626     
  0.95600000000000007        2.5285631228601577     
  0.95800000000000007        2.5337847211058779     
  0.95999999999999996        2.5390090905480895     
  0.96199999999999997        2.5442362207291858     
  0.96399999999999997        2.5494661011706441     
  0.96599999999999997        2.5546987213729855     
  0.96799999999999997        2.5599340708157317     
  0.96999999999999997        2.5651721389573630     
  0.97199999999999998        2.5704129152352775     
  0.97399999999999998        2.5756563890657480     
  0.97599999999999998        2.5809025498438793     
  0.97799999999999998        2.5861513869435671     
  0.97999999999999998        2.5914028897174544     
  0.98199999999999998        2.5966570474968891     
  0.98399999999999999        2.6019138495918828     
  0.98599999999999999        2.6071732852910667     
  0.98799999999999999        2.6124353438616490     
  0.98999999999999999        2.6177000145493725     
  0.99199999999999999        2.6229672865784712     
  0.99399999999999999        2.6282371491516283     
  0.99600000000000000        2.6335095914499314     
  0.99800000000000000        2.6387846026328314     
   1.0000000000000000        2.6440621718380970     
   1.0020000000000000        2.6493422881817730     
   1.0040000000000000        2.6546249407581364     
   1.0060000000000000        2.6599101186396528     
   1.0080000000000000        2.6651978108769319     
   1.0100000000000000        2.6704880064986858     
   1.0120000000000000        2.6757806945116833     
   1.0140000000000000        2.6810758639007068     
   1.0160000000000000        2.6863735036285084     
   1.0180000000000000        2.6916736026357655     
   1.0200000000000000        2.6969761498410372     
   1.0220000000000000        2.7022811341407191     
   1.0240000000000000        2.7075885444090004     
   1.0260000000000000        2.7128983694978186     
   1.0280000000000000        2.7182105982368143     
   1.0300000000000000        2.7235252194332880     
   1.0320000000000000        2.7288422218721546     
   1.0340000000000000        2.7341615943158990     
   1.0360000000000000        2.7394833255045308     
   1.0380000000000000        2.7448074041555399     
   1.0400000000000000        2.7501338189638509     
   1.0420000000000000        2.7554625586017787     
   1.0440000000000000        2.7607936117189822     
   1.0460000000000000        2.7661269669424202     
   1.0480000000000000        2.7714626128763049     
   1.0500000000000000        2.7768005381020577     
   1.0520000000000000        2.7821407311782620     
   1.0540000000000000        2.7874831806406184     
   1.0560000000000000        2.7928278750018998     
   1.0580000000000001        2.7981748027519036     
   1.0600000000000001        2.8035239523574074     
   1.0620000000000001        2.8088753122621224     
   1.0640000000000001        2.8142288708866467     
   1.0660000000000001        2.8195846166284202     
   1.0680000000000001        2.8249425378616770     
   1.0700000000000001        2.8303026229374004     
   1.0720000000000001        2.8356648601832752     
   1.0740000000000001        2.8410292379036419     
   1.0760000000000001        2.8463957443794494     
   1.0780000000000001        2.8517643678682085     
   1.0800000000000001        2.8571350966039448     
   1.0820000000000001        2.8625079187971525     
   1.0840000000000001        2.8678828226347468     
   1.0860000000000001        2.8732597962800162     
   1.0880000000000001        2.8786388278725763     
   1.0900000000000001        2.8840199055283215     
   1.0920000000000001        2.8894030173393781     
   1.0940000000000001        2.8947881513740570     
   1.0960000000000001        2.9001752956768052     
   1.0980000000000001        2.9055644382681587     
   1.1000000000000001        2.9109555671446952     
   1.1020000000000001        2.9163486702789845     
   1.1040000000000001        2.9217437356195424     
   1.1060000000000001        2.9271407510907816     
   1.1080000000000001        2.9325397045929633     
   1.1100000000000001        2.9379405840021491     
   1.1120000000000001        2.9433433771701534     
   1.1140000000000001        2.9487480719244936     
   1.1160000000000001        2.9541546560683427     
   1.1180000000000001        2.9595631173804793     
   1.1200000000000001        2.9649734436152402     
   1.1220000000000001        2.9703856225024707     
   1.1240000000000001        2.9757996417474755     
   1.1260000000000001        2.9812154890309706     
   1.1280000000000001        2.9866331520090323     
   1.1300000000000001        2.9920526183130502     
   1.1320000000000001        2.9974738755496761     
   1.1340000000000001        3.0028969113007755     
   1.1360000000000001        3.0083217131233773     
   1.1380000000000001        3.0137482685496240     
   1.1400000000000001        3.0191765650867231     
   1.1420000000000001        3.0246065902168966     
   1.1440000000000001        3.0300383313973303     
   1.1460000000000001        3.0354717760601249     
   1.1480000000000001        3.0409069116122449     
   1.1500000000000001        3.0463437254354693     
   1.1520000000000001        3.0517822048863401     
   1.1539999999999999        3.0572223372961127     
   1.1559999999999999        3.0626641099707048     
   1.1579999999999999        3.0681075101906461     
   1.1599999999999999        3.0735525252110274     
   1.1619999999999999        3.0789991422614493     
   1.1639999999999999        3.0844473485459720     
   1.1659999999999999        3.0898971312430641     
   1.1679999999999999        3.0953484775055502     
   1.1699999999999999        3.1008013744605614     
   1.1719999999999999        3.1062558092094825     
   1.1739999999999999        3.1117117688279015     
   1.1759999999999999        3.1171692403655573     
   1.1779999999999999        3.1226282108462886     
   1.1799999999999999        3.1280886672679813     
   1.1819999999999999        3.1335505966025172     
   1.1839999999999999        3.1390139857957222     
   1.1859999999999999        3.1444788217673136     
   1.1879999999999999        3.1499450914108484     
   1.1899999999999999        3.1554127815936703     
   1.1919999999999999        3.1608818791568578     
   1.1940000000000000        3.1663523709151717     
   1.1960000000000000        3.1718242436570021     
   1.1980000000000000        3.1772974841443160     
   1.2000000000000000        3.1827720791126048     
   1.2020000000000000        3.1882480152708301     
   1.2040000000000000        3.1937252793013720     
   1.2060000000000000        3.1992038578599749     
   1.2080000000000000        3.2046837375756949     
   1.2100000000000000        3.2101649050508465     
   1.2120000000000000        3.2156473468609481     
   1.2140000000000000        3.2211310495546699     
   1.2160000000000000        3.2266159996537791     
   1.2180000000000000        3.2321021836530868     
   1.2200000000000000        3.2375895880203931     
   1.2220000000000000        3.2430781991964337     
   1.2240000000000000        3.2485680035948268     
   1.2260000000000000        3.2540589876020163     
   1.2280000000000000        3.2595511375772204     
   1.2300000000000000        3.2650444398523750     
   1.2320000000000000        3.2705388807320799     
   1.2340000000000000        3.2760344464935440     
   1.2360000000000000        3.2815311233865310     
   1.2380000000000000        3.2870288976333040     
   1.2400000000000000        3.2925277554285706     
   1.2420000000000000        3.2980276829394275     
   1.2440000000000000        3.3035286663053065     
   1.2460000000000000        3.3090306916379171     
   1.2480000000000000        3.3145337450211927     
   1.2500000000000000        3.3200378125112349     
   1.2520000000000000        3.3255428801362572     
   1.2540000000000000        3.3310489338965299     
   1.2560000000000000        3.3365559597643228     
   1.2580000000000000        3.3420639436838515     
   1.2600000000000000        3.3475728715712192     
   1.2620000000000000        3.3530827293143615     
   1.2640000000000000        3.3585935027729903     
   1.2660000000000000        3.3641051777785362     
   1.2680000000000000        3.3696177401340934     
   1.2700000000000000        3.3751311756143618     
   1.2720000000000000        3.3806454699655903     
   1.2740000000000000        3.3861606089055214     
   1.2760000000000000        3.3916765781233322     
   1.2780000000000000        3.3971933632795790     
   1.2800000000000000        3.4027109500061381     
   1.2820000000000000        3.4082293239061503     
   1.2840000000000000        3.4137484705539625     
   1.2860000000000000        3.4192683754950703     
   1.2880000000000000        3.4247890242460604     
   1.2900000000000000        3.4303104022945523     
   1.2920000000000000        3.4358324950991412     
   1.2940000000000000        3.4413552880893397     
   1.2960000000000000        3.4468787666655185     
   1.2980000000000000        3.4524029161988494     
   1.3000000000000000        3.4579277220312470     
   1.3020000000000000        3.4634531694753097     
   1.3040000000000000        3.4689792438142604     
   1.3060000000000000        3.4745059303018890     
   1.3080000000000001        3.4800332141624928     
   1.3100000000000001        3.4855610805908177     
   1.3120000000000001        3.4910895147519994     
   1.3140000000000001        3.4966185017815032     
   1.3160000000000001        3.5021480267850662     
   1.3180000000000001        3.5076780748386365     
   1.3200000000000001        3.5132086309883137     
   1.3220000000000001        3.5187396802502904     
   1.3240000000000001        3.5242712076107909     
   1.3260000000000001        3.5298031980260127     
   1.3280000000000001        3.5353356364220647     
   1.3300000000000001        3.5408685076949089     
   1.3320000000000001        3.5464017967102985     
   1.3340000000000001        3.5519354883037191     
   1.3360000000000001        3.5574695672803265     
   1.3380000000000001        3.5630040184148872     
   1.3400000000000001        3.5685388264517170     
   1.3420000000000001        3.5740739761046205     
   1.3440000000000001        3.5796094520568298     
   1.3460000000000001        3.5851452389609433     
   1.3480000000000001        3.5906813214388653     
   1.3500000000000001        3.5962176840817430     
   1.3520000000000001        3.6017543114499064     
   1.3540000000000001        3.6072911880728062     
   1.3560000000000001        3.6128282984489517     
   1.3580000000000001        3.6183656270458497     
   1.3600000000000001        3.6239031582999415     
   1.3620000000000001        3.6294408766165414     
   1.3640000000000001        3.6349787663697746     
   1.3660000000000001        3.6405168119025140     
   1.3680000000000001        3.6460549975263188     
   1.3700000000000001        3.6515933075213716     
   1.3720000000000001        3.6571317261364142     
   1.3740000000000001        3.6626702375886873     
   1.3760000000000001        3.6682088260638648     
   1.3780000000000001        3.6737474757159925     
   1.3800000000000001        3.6792861706674245     
   1.3820000000000001        3.6848248950087594     
   1.3840000000000001        3.6903636327987770     
   1.3860000000000001        3.6959023680643743     
   1.3880000000000001        3.7014410848005030     
   1.3900000000000001        3.7069797669701039     
   1.3920000000000001        3.7125183985040442     
   1.3940000000000001        3.7180569633010521     
   1.3960000000000001        3.7235954452276543     
   1.3980000000000001        3.7291338281181097     
   1.4000000000000001        3.7346720957743460     
   1.4020000000000001        3.7402102319658947     
   1.4040000000000001        3.7457482204298267     
   1.4060000000000001        3.7512860448706862     
   1.4079999999999999        3.7568236889604276     
   1.4099999999999999        3.7623611363383485     
   1.4119999999999999        3.7678983706110252     
   1.4139999999999999        3.7734353753522472     
   1.4159999999999999        3.7789721341029519     
   1.4179999999999999        3.7845086303711577     
   1.4199999999999999        3.7900448476319002     
   1.4219999999999999        3.7955807693271639     
   1.4239999999999999        3.8011163788658182     
   1.4259999999999999        3.8066516596235500     
   1.4279999999999999        3.8121865949427973     
   1.4299999999999999        3.8177211681326830     
   1.4319999999999999        3.8232553624689483     
   1.4339999999999999        3.8287891611938862     
   1.4359999999999999        3.8343225475162739     
   1.4379999999999999        3.8398555046113065     
   1.4399999999999999        3.8453880156205291     
   1.4419999999999999        3.8509200636517700     
   1.4440000000000000        3.8564516317790734     
   1.4460000000000000        3.8619827030426315     
   1.4480000000000000        3.8675132604487166     
   1.4500000000000000        3.8730432869696139     
   1.4520000000000000        3.8785727655435531     
   1.4540000000000000        3.8841016790746403     
   1.4560000000000000        3.8896300104327897     
   1.4580000000000000        3.8951577424536552     
   1.4600000000000000        3.9006848579385625     
   1.4620000000000000        3.9062113396544396     
   1.4640000000000000        3.9117371703337485     
   1.4660000000000000        3.9172623326744160     
   1.4680000000000000        3.9227868093397649     
   1.4700000000000000        3.9283105829584444     
   1.4720000000000000        3.9338336361243611     
   1.4740000000000000        3.9393559513966099     
   1.4760000000000000        3.9448775112994032     
   1.4780000000000000        3.9503982983220021     
   1.4800000000000000        3.9559182949186460     
   1.4820000000000000        3.9614374835084831     
   1.4840000000000000        3.9669558464754999     
   1.4860000000000000        3.9724733661684510     
   1.4880000000000000        3.9779900249007878     
   1.4900000000000000        3.9835058049505894     
   1.4920000000000000        3.9890206885604904     
   1.4940000000000000        3.9945346579376113     
   1.4960000000000000        4.0000476952534862     
   1.4980000000000000        4.0055597826439930     
   1.5000000000000000        4.0110709022092808     
   1.5020000000000000        4.0165810360136991     
   1.5040000000000000        4.0220901660857269     
   1.5060000000000000        4.0275982744178984     
   1.5080000000000000        4.0331053429667341     
   1.5100000000000000        4.0386113536526675     
   1.5120000000000000        4.0441162883599731     
   1.5140000000000000        4.0496201289366933     
   1.5160000000000000        4.0551228571945668     
   1.5180000000000000        4.0606244549089556     
   1.5200000000000000        4.0661249038187739     
   1.5220000000000000        4.0716241856264110     
   1.5240000000000000        4.0771222819976636     
   1.5260000000000000        4.0826191745616587     
   1.5280000000000000        4.0881148449107823     
   1.5300000000000000        4.0936092746006034     
   1.5320000000000000        4.0991024451498044     
   1.5340000000000000        4.1045943380401040     
   1.5360000000000000        4.1100849347161841     
   1.5380000000000000        4.1155742165856166     
   1.5400000000000000        4.1210621650187882     
   1.5420000000000000        4.1265487613488254     
   1.5440000000000000        4.1320339868715230     
   1.5460000000000000        4.1375178228452665     
   1.5480000000000000        4.1430002504909567     
   1.5500000000000000        4.1484812509919387     
   1.5520000000000000        4.1539608054939228     
   1.5540000000000000        4.1594388951049108     
   1.5560000000000000        4.1649155008951206     
   1.5580000000000001        4.1703906038969105     
   1.5600000000000001        4.1758641851047047     
   1.5620000000000001        4.1813362254749142     
   1.5640000000000001        4.1868067059258642     
   1.5660000000000001        4.1922756073377156     
   1.5680000000000001        4.1977429105523907     
   1.5700000000000001        4.2032085963734955     
   1.5720000000000001        4.2086726455662422     
   1.5740000000000001        4.2141350388573748     
   1.5760000000000001        4.2195957569350897     
   1.5780000000000001        4.2250547804489598     
   1.5800000000000001        4.2305120900098574     
   1.5820000000000001        4.2359676661898771     
   1.5840000000000001        4.2414214895222564     
   1.5860000000000001        4.2468735405013005     
   1.5880000000000001        4.2523237995823031     
   1.5900000000000001        4.2577722471814674     
   1.5920000000000001        4.2632188636758306     
   1.5940000000000001        4.2686636294031821     
   1.5960000000000001        4.2741065246619883     
   1.5980000000000001        4.2795475297113121     
   1.6000000000000001        4.2849866247707347     
   1.6020000000000001        4.2904237900202764     
   1.6040000000000001        4.2958590056003167     
   1.6060000000000001        4.3012922516115175     
   1.6080000000000001        4.3067235081147404     
   1.6100000000000001        4.3121527551309695     
   1.6120000000000001        4.3175799726412318     
   1.6140000000000001        4.3230051405865142     
   1.6160000000000001        4.3284282388676871     
   1.6180000000000001        4.3338492473454222     
   1.6200000000000001        4.3392681458401130     
   1.6220000000000001        4.3446849141317934     
   1.6240000000000001        4.3500995319600566     
   1.6260000000000001        4.3555119790239765     
   1.6280000000000001        4.3609222349820245     
   1.6300000000000001        4.3663302794519883     
   1.6320000000000001        4.3717360920108925     
   1.6340000000000001        4.3771396521949146     
   1.6360000000000001        4.3825409394993047     
   1.6380000000000001        4.3879399333783029     
   1.6400000000000001        4.3933366132450598     
   1.6420000000000001        4.3987309584715497     
   1.6440000000000001        4.4041229483884932     
   1.6460000000000001        4.4095125622852702     
   1.6480000000000001        4.4148997794098408     
   1.6500000000000001        4.4202845789686602     
   1.6520000000000001        4.4256669401265976     
   1.6540000000000001        4.4310468420068512     
   1.6560000000000001        4.4364242636908653     
   1.6580000000000001        4.4417991842182474     
   1.6600000000000001        4.4471715825866838     
   1.6620000000000001        4.4525414377518571     
   1.6640000000000001        4.4579087286273609     
   1.6659999999999999        4.4632734340846154     
   1.6679999999999999        4.4686355329527849     
   1.6699999999999999        4.4739950040186907     
   1.6719999999999999        4.4793518260267282     
   1.6739999999999999        4.4847059776787814     
   1.6759999999999999        4.4900574376341389     
   1.6779999999999999        4.4954061845094069     
   1.6799999999999999        4.5007521968784259     
   1.6819999999999999        4.5060954532721826     
   1.6839999999999999        4.5114359321787267     
   1.6859999999999999        4.5167736120430844     
   1.6879999999999999        4.5221084712671704     
   1.6899999999999999        4.5274404882097050     
   1.6919999999999999        4.5327696411861247     
   1.6940000000000000        4.5380959084684971     
   1.6960000000000000        4.5434192682854340     
   1.6980000000000000        4.5487396988220050     
   1.7000000000000000        4.5540571782196491     
   1.7020000000000000        4.5593716845760888     
   1.7040000000000000        4.5646831959452410     
   1.7060000000000000        4.5699916903371314     
   1.7080000000000000        4.5752971457178058     
   1.7100000000000000        4.5805995400092412     
   1.7120000000000000        4.5858988510892598     
   1.7140000000000000        4.5911950567914381     
   1.7160000000000000        4.5964881349050213     
   1.7180000000000000        4.6017780631748311     
   1.7200000000000000        4.6070648193011809     
   1.7220000000000000        4.6123483809397836     
   1.7240000000000000        4.6176287257016631     
   1.7260000000000000        4.6229058311530666     
   1.7280000000000000        4.6281796748153727     
   1.7300000000000000        4.6334502341650037     
   1.7320000000000000        4.6387174866333334     
   1.7340000000000000        4.6439814096066003     
   1.7360000000000000        4.6492419804258134     
   1.7380000000000000        4.6544991763866648     
   1.7400000000000000        4.6597529747394377     
   1.7420000000000000        4.6650033526889167     
   1.7440000000000000        4.6702502873942944     
   1.7460000000000000        4.6754937559690832     
   1.7480000000000000        4.6807337354810210     
   1.7500000000000000        4.6859702029519834     
   1.7520000000000000        4.6912031353578874     
   1.7540000000000000        4.6964325096286030     
   1.7560000000000000        4.7016583026478607     
   1.7580000000000000        4.7068804912531563     
   1.7600000000000000        4.7120990522356623     
   1.7620000000000000        4.7173139623401337     
   1.7640000000000000        4.7225251982648135     
   1.7660000000000000        4.7277327366613431     
   1.7680000000000000        4.7329365541346657     
   1.7700000000000000        4.7381366272429348     
   1.7720000000000000        4.7433329324974203     
   1.7740000000000000        4.7485254463624154     
   1.7760000000000000        4.7537141452551399     
   1.7780000000000000        4.7588990055456506     
   1.7800000000000000        4.7640800035567423     
   1.7820000000000000        4.7692571155638559     
   1.7840000000000000        4.7744303177949838     
   1.7860000000000000        4.7795995864305736     
   1.7880000000000000        4.7847648976034352     
   1.7900000000000000        4.7899262273986416     
   1.7920000000000000        4.7950835518534385     
   1.7940000000000000        4.8002368469571453     
   1.7960000000000000        4.8053860886510593     
   1.7980000000000000        4.8105312528283610     
   1.8000000000000000        4.8156723153340177     
   1.8020000000000000        4.8208092519646861     
   1.8040000000000000        4.8259420384686154     
   1.8060000000000000        4.8310706505455530     
   1.8080000000000001        4.8361950638466444     
   1.8100000000000001        4.8413152539743374     
   1.8120000000000001        4.8464311964822864     
   1.8140000000000001        4.8515428668752509     
   1.8160000000000001        4.8566502406090013     
   1.8180000000000001        4.8617532930902190     
   1.8200000000000001        4.8668519996763990     
   1.8220000000000001        4.8719463356757515     
   1.8240000000000001        4.8770362763471029     
   1.8260000000000001        4.8821217968997974     
   1.8280000000000001        4.8872028724935968     
   1.8300000000000001        4.8922794782385841     
   1.8320000000000001        4.8973515891950612     
   1.8340000000000001        4.9024191803734514     
   1.8360000000000001        4.9074822267341984     
   1.8380000000000001        4.9125407031876671     
   1.8400000000000001        4.9175945845940428     
   1.8420000000000001        4.9226438457632309     
   1.8440000000000001        4.9276884614547569     
   1.8460000000000001        4.9327284063776666     
   1.8480000000000001        4.9377636551904223     
   1.8500000000000001        4.9427941825008030     
   1.8520000000000001        4.9478199628658048     
   1.8540000000000001        4.9528409707915362     
   1.8560000000000001        4.9578571807331189     
   1.8580000000000001        4.9628685670945849     
   1.8600000000000001        4.9678751042287743     
   1.8620000000000001        4.9728767664372322     
   1.8640000000000001        4.9778735279701065     
   1.8660000000000001        4.9828653630260469     
   1.8680000000000001        4.9878522457520988     
   1.8700000000000001        4.9928341502436027     
   1.8720000000000001        4.9978110505440903     
   1.8740000000000001        5.0027829206451786     
   1.8760000000000001        5.0077497344864685     
   1.8780000000000001        5.0127114659554417     
   1.8800000000000001        5.0176680888873522     
   1.8820000000000001        5.0226195770651270     
   1.8840000000000001        5.0275659042192569     
   1.8860000000000001        5.0325070440276951     
   1.8880000000000001        5.0374429701157508     
   1.8900000000000001        5.0423736560559824     
   1.8920000000000001        5.0472990753680946     
   1.8940000000000001        5.0522192015188310     
   1.8960000000000001        5.0571340079218690     
   1.8980000000000001        5.0620434679377126     
   1.9000000000000001        5.0669475548735878     
   1.9020000000000001        5.0718462419833354     
   1.9040000000000001        5.0767395024673023     
   1.9060000000000001        5.0816273094722373     
   1.9080000000000001        5.0865096360911819     
   1.9100000000000001        5.0913864553633639     
   1.9120000000000001        5.0962577402740905     
   1.9140000000000001        5.1011234637546385     
   1.9160000000000001        5.1059835986821476     
   1.9180000000000001        5.1108381178795117     
   1.9199999999999999        5.1156869941152703     
   1.9219999999999999        5.1205302001035005     
   1.9239999999999999        5.1253677085037070     
   1.9259999999999999        5.1301994919207141     
   1.9279999999999999        5.1350255229045558     
   1.9299999999999999        5.1398457739503653     
   1.9319999999999999        5.1446602174982665     
   1.9339999999999999        5.1494688259332628     
   1.9359999999999999        5.1542715715851291     
   1.9379999999999999        5.1590684267282994     
   1.9399999999999999        5.1638593635817562     
   1.9419999999999999        5.1686443543089196     
   1.9440000000000000        5.1734233710175372     
   1.9460000000000000        5.1781963857595725     
   1.9480000000000000        5.1829633705310920     
   1.9500000000000000        5.1877242972721538     
   1.9520000000000000        5.1924791378666981     
   1.9540000000000000        5.1972278641424312     
   1.9560000000000000        5.2019704478707158     
   1.9580000000000000        5.2067068607664568     
   1.9600000000000000        5.2114370744879901     
   1.9620000000000000        5.2161610606369662     
   1.9640000000000000        5.2208787907582401     
   1.9660000000000000        5.2255902363397562     
   1.9680000000000000        5.2302953688124356     
   1.9700000000000000        5.2349941595500606     
   1.9720000000000000        5.2396865798691605     
   1.9740000000000000        5.2443726010288989     
   1.9760000000000000        5.2490521942309565     
   1.9780000000000000        5.2537253306194183     
   1.9800000000000000        5.2583919812806572     
   1.9820000000000000        5.2630521172432188     
   1.9840000000000000        5.2677057094777053     
   1.9860000000000000        5.2723527288966610     
   1.9880000000000000        5.2769931463544539     
   1.9900000000000000        5.2816269326471632     
   1.9920000000000000        5.2862540585124576     
   1.9940000000000000        5.2908744946294828     
   1.9960000000000000        5.2954882116187418     
   1.9980000000000000        5.3000951800419793     
