   0.0000000000000000        500.00000000000000     
   1.3333333333333333E-003   499.50052782037204     
   2.6666666666666666E-003   498.99877107311579     
   4.0000000000000001E-003   498.50158346111618     
   5.3333333333333332E-003   497.99754214623169     
   6.6666666666666662E-003   497.50263910186027     
   8.0000000000000002E-003   496.99631321934754     
   9.3333333333333324E-003   496.50369474260441     
   1.0666666666666666E-002   495.99508429246339     
   1.2000000000000000E-002   495.50475038334861     
   1.3333333333333332E-002   494.99385536557929     
   1.4666666666666666E-002   494.50580602409275     
   1.6000000000000000E-002   493.99262643869520     
   1.7333333333333333E-002   493.50686166483689     
   1.8666666666666665E-002   492.99139751181104     
   2.0000000000000000E-002   492.50791730558097     
   2.1333333333333333E-002   491.99016858492695     
   2.2666666666666665E-002   491.50897294632512     
   2.4000000000000000E-002   490.98893965804285     
   2.5333333333333333E-002   490.51002858706926     
   2.6666666666666665E-002   489.98771073115876     
   2.8000000000000001E-002   489.51108422781346     
   2.9333333333333333E-002   488.98648180427460     
   3.0666666666666665E-002   488.51213986855771     
   3.2000000000000001E-002   487.98525287739045     
   3.3333333333333333E-002   487.51319550930185     
   3.4666666666666665E-002   486.98402395050630     
   3.5999999999999997E-002   486.51425115004594     
   3.7333333333333329E-002   485.98279502362226     
   3.8666666666666669E-002   485.51530679079013     
   4.0000000000000001E-002   484.98156609673805     
   4.1333333333333333E-002   484.51636243153428     
   4.2666666666666665E-002   483.98033716985390     
   4.3999999999999997E-002   483.51741807227847     
   4.5333333333333330E-002   482.97910824296980     
   4.6666666666666662E-002   482.51847371302267     
   4.8000000000000001E-002   481.97787931608582     
   4.9333333333333333E-002   481.51952935376681     
   5.0666666666666665E-002   480.97665038920178     
   5.1999999999999998E-002   480.52058499451101     
   5.3333333333333330E-002   479.97542146231780     
   5.4666666666666662E-002   479.52164063525510     
   5.6000000000000001E-002   478.97419253543376     
   5.7333333333333333E-002   478.52269627599918     
   5.8666666666666666E-002   477.97296360854972     
   5.9999999999999998E-002   477.52375191674332     
   6.1333333333333330E-002   476.97173468166568     
   6.2666666666666662E-002   476.52480755748746     
   6.4000000000000001E-002   475.97050575478164     
   6.5333333333333327E-002   475.52586319823166     
   6.6666666666666666E-002   474.96927682789766     
   6.7999999999999991E-002   474.52691883897586     
   6.9333333333333330E-002   473.96804790101362     
   7.0666666666666669E-002   473.52797447972011     
   7.1999999999999995E-002   472.96681897412964     
   7.3333333333333334E-002   472.52903012046431     
   7.4666666666666659E-002   471.96559004724566     
   7.5999999999999998E-002   471.53008576120857     
   7.7333333333333337E-002   470.96436112036162     
   7.8666666666666663E-002   470.53114140195277     
   8.0000000000000002E-002   469.96313219347763     
   8.1333333333333327E-002   469.53219704269696     
   8.2666666666666666E-002   468.96190326659371     
   8.3999999999999991E-002   468.53325268344122     
   8.5333333333333330E-002   467.96067433970973     
   8.6666666666666670E-002   467.53430832418547     
   8.7999999999999995E-002   466.95944541282574     
   8.9333333333333334E-002   466.53536396492962     
   9.0666666666666659E-002   465.95821648594170     
   9.1999999999999998E-002   465.53641960567381     
   9.3333333333333324E-002   464.95698755905767     
   9.4666666666666663E-002   464.53747524641796     
   9.6000000000000002E-002   463.95575863217363     
   9.7333333333333327E-002   463.53853088716210     
   9.8666666666666666E-002   462.95452970528953     
   9.9999999999999992E-002   462.53958652790618     
  0.10133333333333333        461.95330077840549     
  0.10266666666666667        461.54064216865038     
  0.10400000000000000        460.95207185152145     
  0.10533333333333333        460.54169780939458     
  0.10666666666666666        459.95084292463730     
  0.10800000000000000        459.54275345013872     
  0.10933333333333332        458.94961399775315     
  0.11066666666666666        458.54380909088292     
  0.11200000000000000        457.94838507086899     
  0.11333333333333333        457.54486473162711     
  0.11466666666666667        456.94715614398478     
  0.11599999999999999        456.54592037237137     
  0.11733333333333333        455.94592721710058     
  0.11866666666666666        455.54697601311562     
  0.12000000000000000        454.94469829021637     
  0.12133333333333333        454.54803165385982     
  0.12266666666666666        453.94346936333216     
  0.12400000000000000        453.54908729460402     
  0.12533333333333332        452.94224043644795     
  0.12666666666666665        452.55014293534822     
  0.12800000000000000        451.94101150956374     
  0.12933333333333333        451.55119857609247     
  0.13066666666666665        450.93978258267953     
  0.13200000000000001        450.55225421683673     
  0.13333333333333333        449.93855365579532     
  0.13466666666666666        449.55330985758098     
  0.13599999999999998        448.93732472891111     
  0.13733333333333334        448.55436549832518     
  0.13866666666666666        447.93609580202690     
  0.13999999999999999        447.55542113906932     
  0.14133333333333334        446.93486687514269     
  0.14266666666666666        446.55647677981352     
  0.14399999999999999        445.93363794825848     
  0.14533333333333334        445.55753242055766     
  0.14666666666666667        444.93240902137433     
  0.14799999999999999        444.55858806130180     
  0.14933333333333332        443.93118009449017     
  0.15066666666666667        443.55964370204589     
  0.15200000000000000        442.92995116760596     
  0.15333333333333332        442.56069934279003     
  0.15466666666666667        441.92872224072175     
  0.15600000000000000        441.56175498353417     
  0.15733333333333333        440.92749331383754     
  0.15866666666666665        440.56281062427831     
  0.16000000000000000        439.92626438695333     
  0.16133333333333333        439.56386626502240     
  0.16266666666666665        438.92503546006924     
  0.16400000000000001        438.56492190576654     
  0.16533333333333333        437.92380653318509     
  0.16666666666666666        437.56597754651068     
  0.16799999999999998        436.92257760630099     
  0.16933333333333334        436.56703318725488     
  0.17066666666666666        435.92134867941689     
  0.17199999999999999        435.56808882799896     
  0.17333333333333334        434.92011975253274     
  0.17466666666666666        434.56914446874310     
  0.17599999999999999        433.91889082564859     
  0.17733333333333332        433.57020010948725     
  0.17866666666666667        432.91766189876449     
  0.17999999999999999        432.57125575023139     
  0.18133333333333332        431.91643297188040     
  0.18266666666666667        431.57231139097553     
  0.18400000000000000        430.91520404499630     
  0.18533333333333332        430.57336703171956     
  0.18666666666666665        429.91397511811221     
  0.18800000000000000        429.57442267246358     
  0.18933333333333333        428.91274619122805     
  0.19066666666666665        428.57547831320767     
  0.19200000000000000        427.91151726434396     
  0.19333333333333333        427.57653395395164     
  0.19466666666666665        426.91028833745992     
  0.19599999999999998        426.57758959469567     
  0.19733333333333333        425.90905941057594     
  0.19866666666666666        425.57864523543975     
  0.19999999999999998        424.90783048369190     
  0.20133333333333334        424.57970087618378     
  0.20266666666666666        423.90660155680797     
  0.20399999999999999        423.58075651692786     
  0.20533333333333334        422.90537262992399     
  0.20666666666666667        422.58181215767195     
  0.20799999999999999        421.90414370304001     
  0.20933333333333332        421.58286779841598     
  0.21066666666666667        420.90291477615608     
  0.21199999999999999        420.58392343916000     
  0.21333333333333332        419.90168584927210     
  0.21466666666666667        419.58497907990397     
  0.21600000000000000        418.90045692238812     
  0.21733333333333332        418.58603472064800     
  0.21866666666666665        417.89922799550408     
  0.22000000000000000        417.58709036139197     
  0.22133333333333333        416.89799906862004     
  0.22266666666666665        416.58814600213589     
  0.22400000000000000        415.89677014173600     
  0.22533333333333333        415.58920164287980     
  0.22666666666666666        414.89554121485196     
  0.22799999999999998        414.59025728362366     
  0.22933333333333333        413.89431228796798     
  0.23066666666666666        413.59131292436751     
  0.23199999999999998        412.89308336108400     
  0.23333333333333334        412.59236856511143     
  0.23466666666666666        411.89185443420001     
  0.23599999999999999        411.59342420585534     
  0.23733333333333331        410.89062550731603     
  0.23866666666666667        410.59447984659937     
  0.23999999999999999        409.88939658043211     
  0.24133333333333332        409.59553548734334     
  0.24266666666666667        408.88816765354807     
  0.24399999999999999        408.59659112808737     
  0.24533333333333332        407.88693872666408     
  0.24666666666666665        407.59764676883145     
  0.24800000000000000        406.88570979978016     
  0.24933333333333332        406.59870240957542     
  0.25066666666666665        405.88448087289612     
  0.25200000000000000        405.59975805031934     
  0.25333333333333330        404.88325194601214     
  0.25466666666666665        404.60081369106331     
  0.25600000000000001        403.88202301912816     
  0.25733333333333330        403.60186933180734     
  0.25866666666666666        402.88079409224406     
  0.26000000000000001        402.60292497255136     
  0.26133333333333331        401.87956516536002     
  0.26266666666666666        401.60398061329533     
  0.26400000000000001        400.87833623847592     
  0.26533333333333331        400.60503625403931     
  0.26666666666666666        399.87710731159189     
  0.26800000000000002        399.60609189478328     
  0.26933333333333331        398.87587838470779     
  0.27066666666666667        398.60714753552719     
  0.27199999999999996        397.87464945782375     
  0.27333333333333332        397.60820317627116     
  0.27466666666666667        396.87342053093971     
  0.27599999999999997        396.60925881701513     
  0.27733333333333332        395.87219160405573     
  0.27866666666666667        395.61031445775905     
  0.27999999999999997        394.87096267717175     
  0.28133333333333332        394.61137009850296     
  0.28266666666666668        393.86973375028782     
  0.28399999999999997        393.61242573924687     
  0.28533333333333333        392.86850482340384     
  0.28666666666666668        392.61348137999084     
  0.28799999999999998        391.86727589651980     
  0.28933333333333333        391.61453702073482     
  0.29066666666666668        390.86604696963576     
  0.29199999999999998        390.61559266147879     
  0.29333333333333333        389.86481804275172     
  0.29466666666666663        389.61664830222270     
  0.29599999999999999        388.86358911586768     
  0.29733333333333334        388.61770394296656     
  0.29866666666666664        387.86236018898370     
  0.29999999999999999        387.61875958371047     
  0.30133333333333334        386.86113126209966     
  0.30266666666666664        386.61981522445444     
  0.30399999999999999        385.85990233521562     
  0.30533333333333335        385.62087086519841     
  0.30666666666666664        384.85867340833164     
  0.30800000000000000        384.62192650594244     
  0.30933333333333335        383.85744448144766     
  0.31066666666666665        383.62298214668641     
  0.31200000000000000        382.85621555456362     
  0.31333333333333330        382.62403778743038     
  0.31466666666666665        381.85498662767958     
  0.31600000000000000        381.62509342817441     
  0.31733333333333330        380.85375770079554     
  0.31866666666666665        380.62614906891838     
  0.32000000000000001        379.85252877391150     
  0.32133333333333330        379.62720470966235     
  0.32266666666666666        378.85129984702752     
  0.32400000000000001        378.62826035040626     
  0.32533333333333331        377.85007092014354     
  0.32666666666666666        377.62931599115018     
  0.32800000000000001        376.84884199325961     
  0.32933333333333331        376.63037163189415     
  0.33066666666666666        375.84761306637569     
  0.33199999999999996        375.63142727263812     
  0.33333333333333331        374.84638413949176     
  0.33466666666666667        374.63248291338203     
  0.33599999999999997        373.84515521260795     
  0.33733333333333332        373.63353855412595     
  0.33866666666666667        372.84392628572402     
  0.33999999999999997        372.63459419486986     
  0.34133333333333332        371.84269735884010     
  0.34266666666666667        371.63564983561378     
  0.34399999999999997        370.84146843195617     
  0.34533333333333333        370.63670547635769     
  0.34666666666666668        369.84023950507219     
  0.34799999999999998        369.63776111710155     
  0.34933333333333333        368.83901057818821     
  0.35066666666666668        368.63881675784546     
  0.35199999999999998        367.83778165130423     
  0.35333333333333333        367.63987239858938     
  0.35466666666666663        366.83655272442024     
  0.35599999999999998        366.64092803933323     
  0.35733333333333334        365.83532379753626     
  0.35866666666666663        365.64198368007709     
  0.35999999999999999        364.83409487065234     
  0.36133333333333334        364.64303932082095     
  0.36266666666666664        363.83286594376835     
  0.36399999999999999        363.64409496156480     
  0.36533333333333334        362.83163701688432     
  0.36666666666666664        362.64515060230866     
  0.36799999999999999        361.83040809000022     
  0.36933333333333335        361.64620624305263     
  0.37066666666666664        360.82917916311612     
  0.37200000000000000        360.64726188379655     
  0.37333333333333329        359.82795023623203     
  0.37466666666666665        359.64831752454046     
  0.37600000000000000        358.82672130934787     
  0.37733333333333330        358.64937316528437     
  0.37866666666666665        357.82549238246372     
  0.38000000000000000        357.65042880602834     
  0.38133333333333330        356.82426345557957     
  0.38266666666666665        356.65148444677232     
  0.38400000000000001        355.82303452869542     
  0.38533333333333331        355.65254008751623     
  0.38666666666666666        354.82180560181121     
  0.38800000000000001        354.65359572826014     
  0.38933333333333331        353.82057667492694     
  0.39066666666666666        353.65465136900406     
  0.39199999999999996        352.81934774804267     
  0.39333333333333331        352.65570700974791     
  0.39466666666666667        351.81811882115841     
  0.39599999999999996        351.65676265049177     
  0.39733333333333332        350.81688989427414     
  0.39866666666666667        350.65781829123557     
  0.39999999999999997        349.81566096738993     
  0.40133333333333332        349.65887393197943     
  0.40266666666666667        348.81443204050566     
  0.40399999999999997        348.65992957272334     
  0.40533333333333332        347.81320311362140     
  0.40666666666666668        347.66098521346720     
  0.40799999999999997        346.81197418673713     
  0.40933333333333333        346.66204085421106     
  0.41066666666666668        345.81074525985287     
  0.41199999999999998        345.66309649495491     
  0.41333333333333333        344.80951633296860     
  0.41466666666666663        344.66415213569883     
  0.41599999999999998        343.80828740608422     
  0.41733333333333333        343.66520777644274     
  0.41866666666666663        342.80705847919990     
  0.41999999999999998        342.66626341718660     
  0.42133333333333334        341.80582955231557     
  0.42266666666666663        341.66731905793051     
  0.42399999999999999        340.80460062543125     
  0.42533333333333334        340.66837469867443     
  0.42666666666666664        339.80337169854687     
  0.42799999999999999        339.66943033941828     
  0.42933333333333334        338.80214277166249     
  0.43066666666666664        338.67048598016220     
  0.43200000000000000        337.80091384477817     
  0.43333333333333329        337.67154162090611     
  0.43466666666666665        336.79968491789390     
  0.43600000000000000        336.67259726165003     
  0.43733333333333330        335.79845599100963     
  0.43866666666666665        335.67365290239394     
  0.44000000000000000        334.79722706412537     
  0.44133333333333330        334.67470854313785     
  0.44266666666666665        333.79599813724116     
  0.44400000000000001        333.67576418388177     
  0.44533333333333330        332.79476921035689     
  0.44666666666666666        332.67681982462562     
  0.44800000000000001        331.79354028347274     
  0.44933333333333331        331.67787546536948     
  0.45066666666666666        330.79231135658853     
  0.45199999999999996        330.67893110611334     
  0.45333333333333331        329.79108242970437     
  0.45466666666666666        329.67998674685720     
  0.45599999999999996        328.78985350282016     
  0.45733333333333331        328.68104238760111     
  0.45866666666666667        327.78862457593596     
  0.45999999999999996        327.68209802834497     
  0.46133333333333332        326.78739564905180     
  0.46266666666666667        326.68315366908888     
  0.46399999999999997        325.78616672216759     
  0.46533333333333332        325.68420930983280     
  0.46666666666666667        324.78493779528344     
  0.46799999999999997        324.68526495057671     
  0.46933333333333332        323.78370886839929     
  0.47066666666666668        323.68632059132062     
  0.47199999999999998        322.78247994151513     
  0.47333333333333333        322.68737623206448     
  0.47466666666666663        321.78125101463104     
  0.47599999999999998        321.68843187280834     
  0.47733333333333333        320.78002208774689     
  0.47866666666666663        320.68948751355219     
  0.47999999999999998        319.77879316086279     
  0.48133333333333334        319.69054315429599     
  0.48266666666666663        318.77756423397869     
  0.48399999999999999        318.69159879503985     
  0.48533333333333334        317.77633530709460     
  0.48666666666666664        317.69265443578371     
  0.48799999999999999        316.77510638021045     
  0.48933333333333334        316.69371007652751     
  0.49066666666666664        315.77387745332635     
  0.49199999999999999        315.69476571727131     
  0.49333333333333329        314.77264852644220     
  0.49466666666666664        314.69582135801517     
  0.49600000000000000        313.77141959955810     
  0.49733333333333329        313.69687699875908     
  0.49866666666666665        312.77019067267400     
  0.50000000000000000        312.69793263950305     
  0.50133333333333330        312.69221632241977     
  0.50266666666666660        312.62013620827577     
  0.50400000000000000        312.61424197216559     
  0.50533333333333330        312.54233977704843     
  0.50666666666666660        312.53626762191135     
  0.50800000000000001        312.46454334582108     
  0.50933333333333330        312.45829327165711     
  0.51066666666666660        312.38674691459374     
  0.51200000000000001        312.38031892140287     
  0.51333333333333331        312.30895048336640     
  0.51466666666666661        312.30234457114869     
  0.51600000000000001        312.23115405213906     
  0.51733333333333331        312.22437022089451     
  0.51866666666666661        312.15335762091172     
  0.52000000000000002        312.14639587064028     
  0.52133333333333332        312.07556118968444     
  0.52266666666666661        312.06842152038610     
  0.52400000000000002        311.99776475845715     
  0.52533333333333332        311.99044717013197     
  0.52666666666666662        311.91996832722987     
  0.52800000000000002        311.91247281987785     
  0.52933333333333332        311.84217189600258     
  0.53066666666666662        311.83449846962367     
  0.53200000000000003        311.76437546477541     
  0.53333333333333333        311.75652411936954     
  0.53466666666666662        311.68657903354818     
  0.53600000000000003        311.67854976911531     
  0.53733333333333333        311.60878260232084     
  0.53866666666666663        311.60057541886113     
  0.54000000000000004        311.53098617109362     
  0.54133333333333333        311.52260106860689     
  0.54266666666666663        311.45318973986633     
  0.54399999999999993        311.44462671835265     
  0.54533333333333334        311.37539330863905     
  0.54666666666666663        311.36665236809841     
  0.54799999999999993        311.29759687741182     
  0.54933333333333334        311.28867801784423     
  0.55066666666666664        311.21980044618454     
  0.55199999999999994        311.21070366759000     
  0.55333333333333334        311.14200401495725     
  0.55466666666666664        311.13272931733576     
  0.55599999999999994        311.06420758372997     
  0.55733333333333335        311.05475496708158     
  0.55866666666666664        310.98641115250263     
  0.55999999999999994        310.97678061682734     
  0.56133333333333335        310.90861472127528     
  0.56266666666666665        310.89880626657310     
  0.56399999999999995        310.83081829004800     
  0.56533333333333335        310.82083191631892     
  0.56666666666666665        310.75302185882072     
  0.56799999999999995        310.74285756606469     
  0.56933333333333336        310.67522542759343     
  0.57066666666666666        310.66488321581051     
  0.57199999999999995        310.59742899636615     
  0.57333333333333336        310.58690886555627     
  0.57466666666666666        310.51963256513886     
  0.57599999999999996        310.50893451530203     
  0.57733333333333337        310.44183613391158     
  0.57866666666666666        310.43096016504779     
  0.57999999999999996        310.36403970268429     
  0.58133333333333337        310.35298581479356     
  0.58266666666666667        310.28624327145712     
  0.58399999999999996        310.27501146453938     
  0.58533333333333326        310.20844684022990     
  0.58666666666666667        310.19703711428525     
  0.58799999999999997        310.13065040900267     
  0.58933333333333326        310.11906276403107     
  0.59066666666666667        310.05285397777544     
  0.59199999999999997        310.04108841377695     
  0.59333333333333327        309.97505754654821     
  0.59466666666666668        309.96311406352271     
  0.59599999999999997        309.89726111532099     
  0.59733333333333327        309.88513971326853     
  0.59866666666666668        309.81946468409376     
  0.59999999999999998        309.80716536301429     
  0.60133333333333328        309.74166825286653     
  0.60266666666666668        309.72919101276011     
  0.60399999999999998        309.66387182163925     
  0.60533333333333328        309.65121666250582     
  0.60666666666666669        309.58607539041196     
  0.60799999999999998        309.57324231225152     
  0.60933333333333328        309.50827895918468     
  0.61066666666666669        309.49526796199723     
  0.61199999999999999        309.43048252795739     
  0.61333333333333329        309.41729361174299     
  0.61466666666666669        309.35268609673011     
  0.61599999999999999        309.33931926148875     
  0.61733333333333329        309.27488966550283     
  0.61866666666666670        309.26134491123452     
  0.62000000000000000        309.19709323427548     
  0.62133333333333329        309.18337056098028     
  0.62266666666666659        309.11929680304820     
  0.62400000000000000        309.10539621072598     
  0.62533333333333330        309.04150037182092     
  0.62666666666666659        309.02742186047169     
  0.62800000000000000        308.96370394059358     
  0.62933333333333330        308.94944751021751     
  0.63066666666666660        308.88590750936623     
  0.63200000000000001        308.87147315996327     
  0.63333333333333330        308.80811107813895     
  0.63466666666666660        308.79349880970904     
  0.63600000000000001        308.73031464691167     
  0.63733333333333331        308.71552445945480     
  0.63866666666666660        308.65251821568438     
  0.64000000000000001        308.63755010920056     
  0.64133333333333331        308.57472178445710     
  0.64266666666666661        308.55957575894627     
  0.64400000000000002        308.49692535322987     
  0.64533333333333331        308.48160140869197     
  0.64666666666666661        308.41912892200270     
  0.64800000000000002        308.40362705843773     
  0.64933333333333332        308.34133249077547     
  0.65066666666666662        308.32565270818350     
  0.65200000000000002        308.26353605954830     
  0.65333333333333332        308.24767835792920     
  0.65466666666666662        308.18573962832113     
  0.65600000000000003        308.16970400767497     
  0.65733333333333333        308.10794319709390     
  0.65866666666666662        308.09172965742073     
  0.66000000000000003        308.03014676586668     
  0.66133333333333333        308.01375530716649     
  0.66266666666666663        307.95235033463945     
  0.66399999999999992        307.93578095691225     
  0.66533333333333333        307.87455390341228     
  0.66666666666666663        307.85780660665802     
  0.66799999999999993        307.79675747218505     
  0.66933333333333334        307.77983225640378     
  0.67066666666666663        307.71896104095794     
  0.67199999999999993        307.70185790614948     
  0.67333333333333334        307.64116460973077     
  0.67466666666666664        307.62388355589530     
  0.67599999999999993        307.56336817850354     
  0.67733333333333334        307.54590920564107     
  0.67866666666666664        307.48557174727637     
  0.67999999999999994        307.46793485538683     
  0.68133333333333335        307.40777531604925     
  0.68266666666666664        307.38996050513259     
  0.68399999999999994        307.32997888482214     
  0.68533333333333335        307.31198615487841     
  0.68666666666666665        307.25218245359491     
  0.68799999999999994        307.23401180462423     
  0.68933333333333335        307.17438602236774     
  0.69066666666666665        307.15603745436999     
  0.69199999999999995        307.09658959114057     
  0.69333333333333336        307.07806310411581     
  0.69466666666666665        307.01879315991346     
  0.69599999999999995        307.00008875386158     
  0.69733333333333336        306.94099672868629     
  0.69866666666666666        306.92211440360734     
  0.69999999999999996        306.86320029745912     
  0.70133333333333336        306.84414005335316     
  0.70266666666666666        306.78540386623200     
  0.70399999999999996        306.76616570309898     
  0.70533333333333326        306.70760743500483     
  0.70666666666666667        306.68819135284480     
  0.70799999999999996        306.62981100377766     
  0.70933333333333326        306.61021700259056     
  0.71066666666666667        306.55201457255049     
  0.71199999999999997        306.53224265233638     
  0.71333333333333326        306.47421814132326     
  0.71466666666666667        306.45426830208220     
  0.71599999999999997        306.39642171009609     
  0.71733333333333327        306.37629395182796     
  0.71866666666666668        306.31862527886892     
  0.71999999999999997        306.29831960157367     
  0.72133333333333327        306.24082884764175     
  0.72266666666666668        306.22034525131943     
  0.72399999999999998        306.16303241641452     
  0.72533333333333327        306.14237090106519     
  0.72666666666666668        306.08523598518735     
  0.72799999999999998        306.06439655081101     
  0.72933333333333328        306.00743955396013     
  0.73066666666666669        305.98642220055677     
  0.73199999999999998        305.92964312273290     
  0.73333333333333328        305.90844785030259     
  0.73466666666666669        305.85184669150573     
  0.73599999999999999        305.83047350004836     
  0.73733333333333329        305.77405026027856     
  0.73866666666666669        305.75249914979412     
  0.73999999999999999        305.69625382905139     
  0.74133333333333329        305.67452479953982     
  0.74266666666666670        305.61845739782416     
  0.74399999999999999        305.59655044928559     
  0.74533333333333329        305.54066096659699     
  0.74666666666666659        305.51857609903135     
  0.74800000000000000        305.46286453536976     
  0.74933333333333330        305.44060174877711     
  0.75066666666666659        305.38506810414253     
  0.75200000000000000        305.36262739852282     
  0.75333333333333330        305.30727167291531     
  0.75466666666666660        305.28465304826852     
  0.75600000000000001        305.22947524168802     
  0.75733333333333330        305.20667869801417     
  0.75866666666666660        305.15167881046079     
  0.76000000000000001        305.12870434775988     
  0.76133333333333331        305.07388237923351     
  0.76266666666666660        305.05072999750558     
  0.76400000000000001        304.99608594800617     
  0.76533333333333331        304.97275564725129     
  0.76666666666666661        304.91828951677888     
  0.76800000000000002        304.89478129699705     
  0.76933333333333331        304.84049308555160     
  0.77066666666666661        304.81680694674276     
  0.77200000000000002        304.76269665432432     
  0.77333333333333332        304.73883259648858     
  0.77466666666666661        304.68490022309709     
  0.77600000000000002        304.66085824623434     
  0.77733333333333332        304.60710379186980     
  0.77866666666666662        304.58288389598016     
  0.78000000000000003        304.52930736064252     
  0.78133333333333332        304.50490954572592     
  0.78266666666666662        304.45151092941524     
  0.78399999999999992        304.42693519547169     
  0.78533333333333333        304.37371449818795     
  0.78666666666666663        304.34896084521739     
  0.78799999999999992        304.29591806696072     
  0.78933333333333333        304.27098649496310     
  0.79066666666666663        304.21812163573350     
  0.79199999999999993        304.19301214470886     
  0.79333333333333333        304.14032520450621     
  0.79466666666666663        304.11503779445462     
  0.79599999999999993        304.06252877327887     
  0.79733333333333334        304.03706344420038     
  0.79866666666666664        303.98473234205159     
  0.79999999999999993        303.95908909394615     
  0.80133333333333334        303.90693591082430     
  0.80266666666666664        303.88111474369191     
  0.80399999999999994        303.82913947959702     
  0.80533333333333335        303.80314039343767     
  0.80666666666666664        303.75134304836973     
  0.80799999999999994        303.72516604318344     
  0.80933333333333335        303.67354661714251     
  0.81066666666666665        303.64719169292925     
  0.81199999999999994        303.59575018591522     
  0.81333333333333335        303.56921734267502     
  0.81466666666666665        303.51795375468788     
  0.81599999999999995        303.49124299242084     
  0.81733333333333336        303.44015732346060     
  0.81866666666666665        303.41326864216660     
  0.81999999999999995        303.36236089223326     
  0.82133333333333336        303.33529429191236     
  0.82266666666666666        303.28456446100591     
  0.82399999999999995        303.25731994165812     
  0.82533333333333325        303.20676802977863     
  0.82666666666666666        303.17934559140389     
  0.82799999999999996        303.12897159855135     
  0.82933333333333326        303.10137124114965     
  0.83066666666666666        303.05117516732406     
  0.83199999999999996        303.02339689089547     
  0.83333333333333326        302.97337873609672     
  0.83466666666666667        302.94542254064123     
  0.83599999999999997        302.89558230486944     
  0.83733333333333326        302.86744819038694     
  0.83866666666666667        302.81778587364215     
  0.83999999999999997        302.78947384013264     
  0.84133333333333327        302.73998944241481     
  0.84266666666666667        302.71149948987829     
  0.84399999999999997        302.66219301118753     
  0.84533333333333327        302.63352513962394     
  0.84666666666666668        302.58439657996018     
  0.84799999999999998        302.55555078936959     
  0.84933333333333327        302.50660014873284     
  0.85066666666666668        302.47757643911530     
  0.85199999999999998        302.42880371750550     
  0.85333333333333328        302.39960208886100     
  0.85466666666666669        302.35100728627822     
  0.85599999999999998        302.32162773860665     
  0.85733333333333328        302.27321085505093     
  0.85866666666666669        302.24365338835236     
  0.85999999999999999        302.19541442382365     
  0.86133333333333328        302.16567903809806     
  0.86266666666666669        302.11761799259637     
  0.86399999999999999        302.08770468784377     
  0.86533333333333329        302.03982156136902     
  0.86666666666666659        302.00973033758947     
  0.86799999999999999        301.96202513014174     
  0.86933333333333329        301.93175598733518     
  0.87066666666666659        301.88422869891446     
  0.87200000000000000        301.85378163708089     
  0.87333333333333329        301.80643226768711     
  0.87466666666666659        301.77580728682653     
  0.87600000000000000        301.72863583645977     
  0.87733333333333330        301.69783293657224     
  0.87866666666666660        301.65083940523243     
  0.88000000000000000        301.61985858631800     
  0.88133333333333330        301.57304297400509     
  0.88266666666666660        301.54188423606377     
  0.88400000000000001        301.49524654277775     
  0.88533333333333331        301.46390988580953     
  0.88666666666666660        301.41745011155047     
  0.88800000000000001        301.38593553555535     
  0.88933333333333331        301.33965368032312     
  0.89066666666666661        301.30796118530111     
  0.89200000000000002        301.26185724909573     
  0.89333333333333331        301.22998683504687     
  0.89466666666666661        301.18406081786839     
  0.89600000000000002        301.15201248479264     
  0.89733333333333332        301.10626438664104     
  0.89866666666666661        301.07403813453840     
  0.90000000000000002        301.02846795541365     
  0.90133333333333332        300.99606378428416     
  0.90266666666666662        300.95067152418625     
  0.90399999999999991        300.91808943402992     
  0.90533333333333332        300.87287509295879     
  0.90666666666666662        300.84011508377569     
  0.90799999999999992        300.79507866173134     
  0.90933333333333333        300.76214073352139     
  0.91066666666666662        300.71728223050388     
  0.91199999999999992        300.68416638326721     
  0.91333333333333333        300.63948579927649     
  0.91466666666666663        300.60619203301297     
  0.91599999999999993        300.56168936804914     
  0.91733333333333333        300.52821768275868     
  0.91866666666666663        300.48389293682180     
  0.91999999999999993        300.45024333250444     
  0.92133333333333334        300.40609650559441     
  0.92266666666666663        300.37226898225015     
  0.92399999999999993        300.32830007436695     
  0.92533333333333334        300.29429463199591     
  0.92666666666666664        300.25050364313961     
  0.92799999999999994        300.21632028174162     
  0.92933333333333334        300.17270721191215     
  0.93066666666666664        300.13834593148727     
  0.93199999999999994        300.09491078068481     
  0.93333333333333335        300.06037158123291     
  0.93466666666666665        300.01711434945742     
  0.93599999999999994        299.98239723097851     
  0.93733333333333335        299.93931791823002     
  0.93866666666666665        299.90442288072410     
  0.93999999999999995        299.86152148700262     
  0.94133333333333336        299.82644853046980     
  0.94266666666666665        299.78372505577528     
  0.94399999999999995        299.74847418021545     
  0.94533333333333325        299.70592862454788     
  0.94666666666666666        299.67049982996110     
  0.94799999999999995        299.62813219332043     
  0.94933333333333325        299.59252547970669     
  0.95066666666666666        299.55033576209303     
  0.95199999999999996        299.51455112945229     
  0.95333333333333325        299.47253933086563     
  0.95466666666666666        299.43657677919794     
  0.95599999999999996        299.39474289963823     
  0.95733333333333326        299.35860242894358     
  0.95866666666666667        299.31694646841089     
  0.95999999999999996        299.28062807868923     
  0.96133333333333326        299.23915003718349     
  0.96266666666666667        299.20265372843483     
  0.96399999999999997        299.16135360595615     
  0.96533333333333327        299.12467937818042     
  0.96666666666666667        299.08355717472881     
  0.96799999999999997        299.04670502792595     
  0.96933333333333327        299.00576074350147     
  0.97066666666666668        298.96873067767149     
  0.97199999999999998        298.92796431227413     
  0.97333333333333327        298.89075632741702     
  0.97466666666666668        298.85016788104667     
  0.97599999999999998        298.81278197716262     
  0.97733333333333328        298.77237144981922     
  0.97866666666666668        298.73480762690821     
  0.97999999999999998        298.69457501859182     
  0.98133333333333328        298.65683327665374     
  0.98266666666666669        298.61677858736442     
  0.98399999999999999        298.57885892639933     
  0.98533333333333328        298.53898215613702     
  0.98666666666666658        298.50088457614487     
  0.98799999999999999        298.46118572490963     
  0.98933333333333329        298.42291022589046     
  0.99066666666666658        298.38338929368223     
  0.99199999999999999        298.34493587563605     
  0.99333333333333329        298.30559286245483     
  0.99466666666666659        298.26696152538165     
  0.99600000000000000        298.22779643122738     
  0.99733333333333329        298.18898717512724     
  0.99866666666666659        298.14999999999998     
